epoch,ep_recon_loss,ep_kl_loss,ep_perplexity
1,0.3899987121578306,0.009321957293650485,0.0
2,0.13096560295671225,0.0010920049136984745,0.0
3,0.07629413608228788,0.0005327901289092551,0.0
4,0.056731424876488745,0.0003321216536278371,0.0
5,0.043666699342429637,0.00023053587292451994,0.0
6,0.03436090893228538,0.00017743956418598829,0.0
7,0.028282789804507047,0.00013950389734418422,0.0
8,0.02447703654470388,0.00012416396139087739,0.0
9,0.021883971965871753,0.00012155369045103725,0.0
10,0.019837852628552356,8.85524327713938e-05,0.0
11,0.0182649833324831,7.025441686892009e-05,0.0
12,0.016924250923329963,6.166524281070451e-05,0.0
13,0.015918483972200193,5.4479753680425345e-05,0.0
14,0.015139662497676908,9.284227767238917e-05,0.0
15,0.014390424775774591,5.1842841912730364e-05,0.0
16,0.013641630805796012,4.206283006169542e-05,0.0
17,0.013077575937495567,4.1750779246285674e-05,0.0
18,0.012485473492415623,3.7624687820425606e-05,0.0
19,0.012057511224702467,5.150325728209282e-05,0.0
20,0.011468101812351961,3.788374260693672e-05,0.0
21,0.011027566119446419,3.4813772572306334e-05,0.0
22,0.010801101008837577,3.058272664020478e-05,0.0
23,0.010564950056141243,3.392274816178542e-05,0.0
24,0.010591061391460243,3.7306655167412826e-05,0.0
25,0.011106011277297512,3.838421580439899e-05,0.0
26,0.01045816742698662,3.233740476389357e-05,0.0
27,0.01011929255182622,3.1143743353823086e-05,0.0
28,0.013843429235566872,4.617023355422134e-05,0.0
29,0.01451428504224168,4.143485671193048e-05,0.0
30,0.02273950337112183,6.620335584557324e-05,0.0
31,0.011111021699616686,2.9988646019774023e-05,0.0
32,0.012656513355614152,2.810559258250578e-05,0.0
33,0.021060829830821602,5.9062495074613254e-05,0.0
34,0.014094966193079017,3.3157262396343865e-05,0.0
35,0.01779748603585176,3.716556857398245e-05,0.0
36,0.03883320980530698,9.326257554675976e-05,0.0
37,0.031799382662575225,7.257606716848386e-05,0.0
38,0.04305096594034694,9.549092510496848e-05,0.0
39,0.03209339626482688,6.679924886157095e-05,0.0
40,0.03959962369990535,8.265996402769815e-05,0.0
41,0.03528946621809155,6.820503022026969e-05,0.0
42,0.03942767986736726,7.926524049253202e-05,0.0
43,0.029902004945324735,5.647787688758399e-05,0.0
44,0.029501828507636673,5.709791853405477e-05,0.0
45,0.03479332746355794,8.17878629277402e-05,0.0
46,0.024495591211598368,6.467663006333168e-05,0.0
47,0.023992230945441406,5.95971777329396e-05,0.0
48,0.024960788323369343,5.520777535821253e-05,0.0
49,0.026131908284150997,6.141038688838308e-05,0.0
50,0.02636077216011472,6.506477257062215e-05,0.0
51,0.02261323931015795,7.047395829431479e-05,0.0
52,0.02427940410852898,6.024468693794915e-05,0.0
53,0.022203212828026155,6.804257764088106e-05,0.0
54,0.02318256534053944,7.009150417616183e-05,0.0
55,0.02578761665499769,8.635147328277526e-05,0.0
56,0.02284953607886564,7.835537248865876e-05,0.0
57,0.019938804330013226,8.310794009958045e-05,0.0
58,0.019597717295982874,9.275670795432234e-05,0.0
59,0.01953540951217292,7.57113973122614e-05,0.0
60,0.01702064617566066,7.559054552075395e-05,0.0
61,0.020449847624695393,8.72501693720551e-05,0.0
62,0.02002607364556752,8.325989465447492e-05,0.0
63,0.01908103933237726,9.221913855981257e-05,0.0
64,0.019073512456088793,7.428504522977164e-05,0.0
65,0.017097214836394415,0.00010108208093697612,0.0
66,0.017776693984342274,0.0001026643282330042,0.0
67,0.01832684036780847,0.00010049871780211106,0.0
68,0.014170437757275067,8.588570281062858e-05,0.0
69,0.016485925079905428,9.797132515814156e-05,0.0
70,0.01576821688504424,8.199024432542501e-05,0.0
71,0.01539471194264479,8.372289730687043e-05,0.0
72,0.0153551317169331,8.300500462610216e-05,0.0
73,0.016779926749586595,9.946789400601119e-05,0.0
74,0.015495681033644359,9.751967622833036e-05,0.0
75,0.013082986572408117,7.491829505852365e-05,0.0
76,0.013442579748516436,9.256022358385962e-05,0.0
77,0.014323313468776178,9.785336637833098e-05,0.0
78,0.01301447785954224,7.324384191633725e-05,0.0
79,0.013374625374854076,8.023726068131509e-05,0.0
80,0.015418486532871612,7.768182372274169e-05,0.0
81,0.013002081918239127,8.267849361800472e-05,0.0
82,0.014172035241790582,7.659075440642482e-05,0.0
83,0.012682538537774235,7.974816053319955e-05,0.0
84,0.013106121275632177,8.080905508904835e-05,0.0
85,0.012549130809202325,6.727203622176603e-05,0.0
86,0.012440206232713535,6.710342127007607e-05,0.0
87,0.011264400085201487,5.6972388529175076e-05,0.0
88,0.012609649586374871,7.930899673738167e-05,0.0
89,0.012099512484564912,8.280500360342557e-05,0.0
90,0.01155336429073941,6.346252857838408e-05,0.0
91,0.011467540003650356,7.055394526105374e-05,0.0
92,0.011385318374959753,7.476175755982695e-05,0.0
93,0.010975326038897037,5.718431134482671e-05,0.0
94,0.011397490768285935,5.707017780878232e-05,0.0
95,0.010359215462813154,5.785661119261931e-05,0.0
96,0.010386760119581595,5.040132159592758e-05,0.0
97,0.010357311888947151,4.7025655885590825e-05,0.0
98,0.00996574458113173,7.234165377667523e-05,0.0
99,0.009903779896558263,6.006843200339063e-05,0.0
100,0.009750977857038379,5.6683007596802784e-05,0.0
101,0.009730410279007628,5.753884142905008e-05,0.0
102,0.010210466031276155,5.0421718833604244e-05,0.0
103,0.009488566093205008,4.1490598050586414e-05,0.0
104,0.009615826726076193,5.513050855370239e-05,0.0
105,0.009311832278035581,4.4739200393451026e-05,0.0
106,0.009025094522803557,3.555664497980615e-05,0.0
107,0.008938281060545705,4.472396976780146e-05,0.0
108,0.009046408315771259,4.881848517470644e-05,0.0
109,0.008700549848435912,3.730695570993703e-05,0.0
110,0.0086456690041814,3.7591281898130544e-05,0.0
111,0.008848316941293888,5.042784296165337e-05,0.0
112,0.008523959062586073,4.3509553142939696e-05,0.0
113,0.008418282326601911,4.607919236150337e-05,0.0
114,0.008398030139505862,4.72845369586139e-05,0.0
115,0.008436625081230886,4.228414659337432e-05,0.0
116,0.008295498231018428,3.1617364129488124e-05,0.0
117,0.008114672588999384,3.183911776432069e-05,0.0
118,0.008070668019354344,2.9405010218397364e-05,0.0
119,0.00803447386570042,3.211715834368078e-05,0.0
120,0.008018202643870608,2.925461953964259e-05,0.0
121,0.007926673197653144,3.611099987210764e-05,0.0
122,0.007952976289379876,3.804027874139137e-05,0.0
123,0.0077875620088889265,2.9320406338229076e-05,0.0
124,0.007681371898797806,3.058556962969306e-05,0.0
125,0.00765211224934319,2.5956386252801167e-05,0.0
126,0.007671828709135298,2.809913148666965e-05,0.0
127,0.007653133369603893,3.3024422691596556e-05,0.0
128,0.007595672317256686,3.555324451554043e-05,0.0
129,0.007576340797822922,3.448700495027879e-05,0.0
130,0.0074008216644870116,2.5043084042408738e-05,0.0
131,0.007365708384895697,2.481651317793876e-05,0.0
132,0.007366694609663682,2.1911523117523756e-05,0.0
133,0.007367836307093967,2.2390646290659787e-05,0.0
134,0.007331454457016662,2.678621417544491e-05,0.0
135,0.007293875145842321,2.5560995391060713e-05,0.0
136,0.007293439061322715,2.705758665797475e-05,0.0
137,0.007367311663983855,3.042347034352133e-05,0.0
138,0.0073008320687222295,3.2515206657990345e-05,0.0
139,0.0072631255563464945,2.5071011668842404e-05,0.0
140,0.007242021293495782,2.385097000114911e-05,0.0
