update,dist_entropy,value_loss,action_loss,mean_rew,median_rew,min_rew,max_rew,num_steps
0,45.40411610285441,989189.2821297201,-0.007900744597191079,-138656.046875,-139516.5625,-142893.625,-131932.609375,120000
1,45.39574496269226,135476.98271972657,-0.008585032159868812,-138572.859375,-138651.03125,-143804.84375,-133648.015625,240000
2,45.38797507603963,65183.993400878906,-0.007070724950120469,-138448.609375,-138661.640625,-143403.265625,-133400.375,360000
3,45.3744259707133,39855.01379964193,-0.0060238336981781986,-138742.0,-139162.625,-144282.234375,-133651.828125,480000
4,45.357485396067304,23264.643005777994,-0.006240932893347993,-138732.15625,-139429.265625,-144028.5,-133091.421875,600000
5,45.341094973882036,16385.846919352214,-0.005134338469109328,-138613.25,-139330.359375,-142501.0625,-133958.046875,720000
6,45.32659237543742,11144.661728312174,-0.004004682034513583,-138443.09375,-139004.1875,-143209.984375,-133675.28125,840000
7,45.314236895243326,8538.857224527996,-0.0029690911690909163,-138226.90625,-139019.484375,-142992.40625,-133536.125,960000
8,45.30306879679362,6455.155168253581,-0.002456766951233173,-138077.65625,-138798.90625,-142717.625,-133170.890625,1080000
9,45.29206034024556,5171.950647379557,-0.0025100600726909762,-138715.625,-139454.109375,-142363.875,-133184.28125,1200000
10,45.28146741867065,4256.924658610026,-0.0021207567295277842,-138081.171875,-139063.71875,-142510.09375,-133275.71875,1320000
11,45.27169108390808,4130.634704793294,-0.0024693605351709873,-137492.734375,-137196.78125,-142547.484375,-132653.875,1440000
12,45.26043440818787,3459.7684200032554,-0.002402811641266756,-137903.109375,-138695.328125,-141795.59375,-131923.4375,1560000
13,45.24839558919271,3558.662856241862,-0.0028025614016678447,-137652.75,-138041.65625,-142488.28125,-132691.078125,1680000
14,45.23692586898804,3213.290577189128,-0.0025819496036820055,-137408.734375,-137439.0625,-142003.625,-133201.140625,1800000
15,45.22614175478618,3279.271049194336,-0.002024306582185697,-137228.953125,-137711.765625,-140759.734375,-131766.125,1920000
16,45.21541748682658,3118.6818381754556,-0.002567202261316197,-136851.09375,-136903.8125,-140699.75,-129949.2578125,2040000
17,45.204827308654785,3321.7312237548826,-0.002083445825361802,-136903.75,-136775.6875,-140535.359375,-130571.1875,2160000
18,45.19432030995687,3239.064591471354,-0.0021883802220296882,-136744.34375,-136833.21875,-142659.90625,-130258.84375,2280000
19,45.18368779818217,3526.8411537679035,-0.0027679712168560398,-136159.703125,-135834.640625,-142020.40625,-128502.78125,2400000
20,45.17245727221171,3424.9298974609374,-0.0019744435398721784,-136100.734375,-135875.25,-140075.40625,-130781.484375,2520000
21,45.16124649047852,3180.3416306559243,-0.002378518085733958,-136651.453125,-136167.203125,-140212.25,-131315.203125,2640000
22,45.15109634399414,3102.6711352539064,-0.0020649961420956707,-136567.984375,-136349.671875,-140482.234375,-130412.171875,2760000
23,45.140482864379884,3690.2647961425782,-0.002349217502681616,-135967.390625,-135948.84375,-140441.546875,-129735.21875,2880000
24,45.13022825241089,4229.109952392578,-0.001636688595170502,-134969.859375,-134259.796875,-140234.046875,-129935.9296875,3000000
25,45.11884899775187,3657.3137953694663,-0.0017980094061128208,-135655.234375,-135318.796875,-140104.890625,-127311.9140625,3120000
26,45.10767594973246,3618.4124047851565,-0.0017350280239134008,-135621.5625,-134977.140625,-140197.046875,-127220.390625,3240000
27,45.09698191642761,3736.049863688151,-0.001992955511041146,-135632.703125,-135119.5625,-140842.796875,-129788.1328125,3360000
28,45.086621901194256,4013.8877325439453,-0.0018370189628694788,-135026.859375,-134851.90625,-140117.71875,-127083.9765625,3480000
29,45.07570690790812,3463.168427734375,-0.0016165167182407459,-135468.59375,-134948.265625,-140184.96875,-129386.90625,3600000
30,45.064923992156984,4264.009534301757,-0.0021613168762360147,-134753.671875,-134433.484375,-140061.0,-126928.171875,3720000
31,45.05430633862813,4273.151928100586,-0.0023480297560672624,-134770.625,-134670.671875,-140314.96875,-126554.34375,3840000
32,45.04434504191081,4049.324762980143,-0.0024858465461100347,-135196.59375,-134659.046875,-140656.328125,-126110.71875,3960000
33,45.03372753143311,4302.87215230306,-0.0022886549877208988,-134487.671875,-134217.09375,-140054.1875,-126964.8515625,4080000
34,45.02422944068908,5010.893100992838,-0.002419040364763229,-133916.21875,-133869.0625,-140168.5625,-124665.3125,4200000
35,45.01357779184977,5104.220196533203,-0.0029445845498912602,-133344.640625,-133669.90625,-139749.21875,-126748.21875,4320000
36,45.00418172200521,5866.955169677734,-0.002407455304770944,-132852.109375,-133368.453125,-139838.796875,-123877.609375,4440000
37,44.995346797307334,5866.674759114583,-0.0023215376096140973,-132826.5,-133447.484375,-139758.875,-126711.328125,4560000
38,44.9863842010498,5988.379604492187,-0.0020090406674641297,-132613.46875,-133294.703125,-139756.046875,-121449.734375,4680000
39,44.97828567822774,6035.125317179362,-0.0022738082905859377,-132506.984375,-133226.796875,-139551.25,-120687.53125,4800000
40,44.97004939397176,7289.17648030599,-0.0019487178177287963,-131782.703125,-132405.5,-139117.71875,-121136.7421875,4920000
41,44.962251043319704,8473.14487508138,-0.002820310967580326,-131211.265625,-131047.1015625,-140072.890625,-120497.609375,5040000
42,44.954183155695596,7697.57019165039,-0.0023474197760875387,-131927.890625,-132520.4375,-139698.71875,-121922.2265625,5160000
43,44.94575014750163,8638.54380452474,-0.0012601926589559298,-130841.734375,-130462.0625,-139197.3125,-120010.1015625,5280000
44,44.93756960550944,8156.625434570313,-0.0015784411609335318,-131579.140625,-131967.25,-139368.5,-120436.5859375,5400000
45,44.92945412635803,10376.54198852539,-0.001667152124647373,-130049.0703125,-130557.1953125,-138651.859375,-120548.53125,5520000
46,44.92225615501404,9822.366444091796,-0.0017865870482258591,-130429.71875,-130759.625,-138890.53125,-120178.5,5640000
47,44.9147962697347,9315.431440429687,-0.0020968585845503184,-130788.078125,-130756.890625,-139095.71875,-121467.40625,5760000
48,44.90717489560445,10147.866275227865,-0.0018659736691248932,-129728.7578125,-130058.2421875,-138411.40625,-113632.625,5880000
49,44.89998153368632,10315.018422851563,-0.0016248921777802631,-130050.6171875,-130636.1953125,-139215.90625,-117958.84375,6000000
50,44.89314074198405,11708.296154378255,-0.0014431223731116915,-129299.390625,-129067.640625,-139136.6875,-119930.4765625,6120000
51,44.88612441380819,11510.70588623047,-0.0012248529649879932,-129083.375,-127841.3671875,-138226.875,-116533.375,6240000
52,44.87948911031087,10932.175731201172,-0.0011624485437346265,-130068.2578125,-130854.9453125,-137908.25,-120050.03125,6360000
53,44.87302306493123,14169.51992919922,-0.0013440162947199496,-128164.6796875,-127114.171875,-138606.1875,-114100.5078125,6480000
54,44.86607867240906,12183.731452636719,-0.0018935494161299478,-129015.875,-129181.2578125,-138026.390625,-119815.8515625,6600000
55,44.859368057250975,11387.11406616211,-0.0014214819231468331,-129382.59375,-129657.0,-138626.703125,-114616.4453125,6720000
56,44.85297254562378,13256.937067871093,-0.001960022721198129,-127753.9296875,-127721.2109375,-137587.890625,-114208.1328125,6840000
57,44.84692612330119,11842.794352213541,-0.0008403773434016178,-129144.7734375,-128627.4375,-138848.640625,-116297.6171875,6960000
58,44.8406120967865,12245.755956624349,-0.0010981067372085817,-128574.875,-128819.25,-138142.390625,-118725.6640625,7080000
59,44.83410560290019,13309.245830078125,-0.0016344450270147112,-128392.96875,-127442.09375,-138586.53125,-118972.9765625,7200000
60,44.82767075220744,16055.800506998698,-0.000839723533626966,-126530.7734375,-126726.9453125,-137027.875,-111337.5859375,7320000
61,44.82205053647359,14986.488575846353,-0.0010581574846893697,-127404.8984375,-127129.1796875,-138671.546875,-107976.4375,7440000
62,44.81632013003031,16631.15985107422,-0.0010460892583917787,-126802.5390625,-126696.8046875,-137127.375,-113838.3125,7560000
63,44.81071631113688,17414.524962565105,-0.0010072822727336945,-126171.7734375,-126432.109375,-137523.453125,-113921.859375,7680000
64,44.805396194458005,17600.644341634114,-0.0009575041607846894,-125717.34375,-125908.03125,-139051.0625,-113621.7109375,7800000
65,44.800029605229696,16824.971605631512,-0.0010396886729540711,-126014.25,-125988.328125,-138045.15625,-114029.421875,7920000
66,44.79443728764852,17590.359724934897,-0.0008554204663831418,-126189.0,-126505.4296875,-137115.21875,-113867.4921875,8040000
67,44.78931897799174,16358.065959472657,-0.0013127432180211447,-126546.8984375,-126967.296875,-137615.046875,-113984.1953125,8160000
68,44.784469779332476,17408.367517903647,-0.0007731120847014003,-126085.1484375,-126705.859375,-138150.390625,-110547.8203125,8280000
69,44.779694379170735,18436.960173339845,-0.0008502683044268149,-125437.9296875,-125924.125,-136846.125,-107477.59375,8400000
70,44.77489601135254,21508.50876627604,-0.0010080709680778456,-124136.5703125,-123171.796875,-135354.0625,-110884.796875,8520000
71,44.7700199953715,17385.653483072918,-0.0006106232675332043,-125989.265625,-125805.3046875,-135431.765625,-113383.9609375,8640000
72,44.76516266187032,19746.636826171874,-0.0009263678870441557,-124390.7578125,-123760.625,-135110.421875,-113687.765625,8760000
73,44.760553674697874,19442.525318196615,-0.0010848549321555842,-124732.6171875,-123310.0390625,-135121.46875,-110994.4765625,8880000
74,44.75611638704936,22267.885537923175,-0.0009418054082513549,-123635.375,-123514.3046875,-136365.125,-107462.53125,9000000
75,44.75147969245911,21560.075005696614,-0.0009083614771797481,-124048.1953125,-121187.84375,-136874.328125,-110587.921875,9120000
76,44.74695343017578,19750.267207845052,-0.0006194225933508809,-124414.0546875,-125265.5703125,-135479.078125,-107136.8203125,9240000
