update,dist_entropy,value_loss,action_loss,mean_rew,median_rew,min_rew,max_rew,num_steps
0,45.40217932065328,4630864.501666667,-0.05293048558936183,65359.19921875,53852.44140625,16379.439453125,156703.953125,120000
1,45.40059118906657,2036778.8533333333,-0.024475147598719407,68974.5078125,68615.5234375,15878.8095703125,129191.1171875,240000
2,45.399007380803425,1357938.2402083334,-0.01949932469818729,25401.267578125,13106.3876953125,-25260.765625,134903.0,360000
3,45.39858699480693,1220529.0119791667,-0.019737768222959553,36785.9140625,27904.80859375,-6677.52294921875,138542.59375,480000
4,45.39805347442627,1166035.2600520833,-0.015181332439733524,63299.8671875,53952.45703125,8838.2802734375,173838.796875,600000
5,45.39736087799072,894443.50109375,-0.012614409083659362,41260.25390625,33465.4453125,-4466.00927734375,154900.328125,720000
6,45.39726215998332,1050074.461875,-0.009715796525136966,57063.828125,53563.296875,6489.45947265625,175261.578125,840000
7,45.397221895853676,822800.4476041667,-0.005530712949947277,44700.4453125,38638.37890625,-3369.584228515625,138290.828125,960000
8,45.39704704920451,947740.8431770833,-0.004095253860755293,51102.55078125,42315.5703125,-3609.170166015625,149686.65625,1080000
9,45.396986398696896,821246.1583333333,-0.003133153479569349,48820.05078125,41324.58984375,-1283.600341796875,133044.53125,1200000
10,45.39695480028788,1097909.9102083333,-0.005092469460128844,83229.6953125,75652.09375,32790.16015625,192334.65625,1320000
11,45.39681749979655,821310.78015625,-0.009321339197364675,43270.34765625,36130.06640625,-3947.68505859375,141166.390625,1440000
12,45.396664454142254,1032208.4011458333,-0.0033400197619789652,54435.33203125,47242.109375,-340.8369445800781,160785.859375,1560000
13,45.396607939402266,864856.7584375,-0.0019562182815540535,54738.0,46685.60546875,3106.222412109375,151971.46875,1680000
14,45.396586640675864,762824.117578125,-0.001774908847857167,42790.0703125,35086.7578125,-837.9080810546875,139670.375,1800000
15,45.39658113479614,803633.0607291666,-0.0016390632982537076,61201.8671875,56842.0234375,10464.466796875,140951.015625,1920000
16,45.396524562835694,839761.3753645833,-0.0019952000572379803,53779.73828125,50139.5234375,-1406.806396484375,143497.53125,2040000
17,45.39646419207255,745065.2283333334,-0.0011440257614443302,51581.703125,48261.640625,6617.6240234375,141236.609375,2160000
18,45.39642258961995,836083.9918489583,-0.00322355463433117,50563.8828125,44705.96875,-3504.10791015625,143750.03125,2280000
19,45.39631427447001,677293.0436197916,-0.008933407742968786,35722.02734375,29688.298828125,-4806.1435546875,126424.171875,2400000
20,45.39616184870402,799843.6526041667,-0.0010747724706046333,59943.26953125,50966.7265625,11397.9921875,157678.71875,2520000
21,45.396127144495644,768738.1487239583,-0.0014331980370237336,36334.7734375,27960.318359375,-8142.236328125,151669.796875,2640000
22,45.39608041445414,698106.218125,-0.0019470746714091546,32733.876953125,22574.1953125,-14873.8076171875,129659.7109375,2760000
23,45.396053307851155,819311.2520833333,-0.0010005199099100536,42502.3046875,39769.95703125,-5753.2158203125,138284.203125,2880000
24,45.396041431427,757934.4270052083,-0.0007245202734025232,41803.640625,37070.90625,-4003.949462890625,145063.96875,3000000
25,45.3960159556071,629615.9840104167,-0.0016752099400920884,21121.4140625,17242.017578125,-22655.513671875,128538.4140625,3120000
26,45.395987844467165,792125.2350260416,-0.0008272633756526678,27905.173828125,18343.017578125,-17612.044921875,131518.484375,3240000
27,45.39599313100179,854428.4888541667,-0.0006268636983634224,63171.44921875,56067.91015625,4800.80615234375,165350.1875,3360000
28,45.39599902470906,851313.3692708333,-0.0020666484347687704,61338.3828125,58008.62109375,14474.17578125,136033.15625,3480000
29,45.39599630037944,740244.5959114584,-0.0014977039477738192,66243.765625,57775.36328125,14015.6123046875,173074.125,3600000
30,45.39599951426188,737554.284375,-0.0011331072583129753,53787.71875,44695.51171875,4193.43994140625,143582.046875,3720000
31,45.395988136927286,865099.03984375,-0.0027628920230533065,65588.671875,55935.546875,15129.80859375,169299.390625,3840000
32,45.39593264579773,576029.5827083334,-0.002330340219835989,10628.5146484375,-1732.754638671875,-35982.91015625,117093.296875,3960000
33,45.39586927731832,784461.3836979166,-0.001576014510129274,40048.640625,31341.79296875,-6650.88916015625,132024.3125,4080000
34,45.39586212793986,802243.9718489583,-0.000581011039509273,76287.421875,72241.0,21253.248046875,182728.21875,4200000
35,45.39586859703064,757473.2880208333,-0.0007217984883724663,51189.04296875,49104.73828125,1426.08984375,137342.3125,4320000
36,45.395868848164874,885368.5652083333,-0.0005217552858118779,65457.33203125,64348.09375,14403.8994140625,147425.25,4440000
37,45.395836985905966,707404.3690885417,-0.0013218441179227132,43071.85546875,35189.75390625,-8209.5224609375,145292.671875,4560000
38,45.39578616142273,792011.1379166667,-0.0009361095220325903,47812.77734375,41758.61328125,-1103.15380859375,128575.8046875,4680000
39,45.39575271288554,674027.0296614583,-0.001231358503505362,35589.7734375,28278.2734375,-6609.30078125,135478.609375,4800000
40,45.395727717081705,791121.0815104167,-0.00023588015851752669,56759.23046875,52084.67578125,6243.52294921875,157421.453125,4920000
41,45.39572509765625,681513.2166145834,-0.0008601369427303022,30897.728515625,25785.89453125,-14973.2431640625,125848.21875,5040000
42,45.395725593566894,827470.3991145834,-0.002213848199523814,80652.421875,79958.1484375,26579.474609375,184015.921875,5160000
43,45.3957163365682,581333.51640625,-0.0009905826286694718,21847.22265625,14433.1015625,-28667.294921875,132634.1875,5280000
44,45.39571844100952,872554.7253125,-0.0013417074155252825,55719.66796875,45542.6171875,11385.673828125,145326.046875,5400000
45,45.39573806762695,709546.8782552084,-0.00034299447081518036,36863.79296875,26562.51953125,-2945.193359375,128272.5859375,5520000
46,45.39574049631754,753326.35390625,-0.0009343386096255321,35970.2578125,24148.431640625,-9195.4931640625,141640.875,5640000
47,45.39573281606038,640629.8345572917,-0.0002716979100584164,40718.30078125,36917.15234375,-12458.486328125,133704.671875,5760000
48,45.39573512395223,617118.9669010417,-0.0008796512868260227,20550.548828125,16723.21484375,-21729.140625,112580.703125,5880000
49,45.395745035807295,798919.1608854167,-0.000805350332945333,63596.41015625,57715.53125,12297.72265625,157887.390625,6000000
50,45.39574244817098,631925.6934375,-0.0013247441758767308,40819.52734375,30395.900390625,-10758.4150390625,149953.609375,6120000
51,45.39572839101156,778914.4103385416,-0.0006434831438461211,66522.3046875,58695.88671875,17286.87109375,178475.609375,6240000
52,45.39572816212972,678178.3021875,-0.0010188526132636374,41184.30078125,35684.0703125,-7436.49365234375,158873.703125,6360000
53,45.395725587209064,752351.9141666667,-0.0005060615938810997,54833.3984375,47993.0234375,2085.909423828125,130272.9296875,6480000
54,45.395728181203204,647077.561171875,-0.0006346645958304483,40996.2890625,32290.341796875,-3318.0087890625,156180.703125,6600000
55,45.39572962443034,664678.2180729166,-0.0006479509453451252,48722.0625,41336.52734375,-653.24267578125,139296.453125,6720000
56,45.3957231203715,774706.0148177083,-0.0005174385317908067,59232.01953125,55791.46875,4617.294921875,150370.5625,6840000
57,45.395713806152344,764264.3638020833,-0.00018725504374742742,55203.76953125,46684.7421875,2554.844482421875,161803.234375,6960000
58,45.395715408325195,762642.7316145833,-0.0008517258764914004,65397.578125,60196.44921875,20547.943359375,160435.6875,7080000
59,45.39571978251139,771845.2374739583,-0.00023068887465797162,59192.4921875,52391.59765625,8568.505859375,156099.65625,7200000
60,45.39572266260783,537619.0527083334,-0.0010976381274880017,23318.740234375,18458.798828125,-22068.146484375,134998.5,7320000
61,45.39572476704915,689762.8929947916,-0.0003580269263587373,35236.90625,26677.322265625,-10038.5107421875,136502.921875,7440000
62,45.39573171615601,687406.6503645834,-0.0011103526669527734,49593.0625,41242.60546875,2850.156494140625,165047.953125,7560000
63,45.395725135803225,760537.2728645833,-0.00022374650362811128,53513.08203125,50294.56640625,3543.625244140625,143146.203125,7680000
64,45.39572262446086,731069.4262760417,-0.0007746810457229003,79985.65625,78105.421875,28424.423828125,179164.796875,7800000
65,45.395721435546875,766517.4762760417,-0.0002358396908978951,52566.44921875,48823.53125,474.3575134277344,137771.875,7920000
66,45.39571142832438,721218.2401302083,-0.0002470217287388247,51923.34375,44129.4140625,-1661.6409912109375,149141.6875,8040000
67,45.39571030298869,835176.191875,-0.0004199272518599173,64146.9921875,58314.578125,9785.966796875,158938.46875,8160000
68,45.39572258631388,838409.9807291667,-0.00034073354195243157,59444.0078125,50217.76953125,13036.8671875,155088.34375,8280000
69,45.3957280476888,594018.8557552083,-0.0006472321401368693,30111.115234375,27197.716796875,-12499.189453125,118357.6015625,8400000
70,45.39573215484619,637058.61546875,-0.00043941862542700013,55195.26953125,50400.07421875,4887.6259765625,155503.65625,8520000
71,45.395750007629395,725967.4374739584,-0.0007954716391501885,69203.7265625,63688.00390625,18158.1953125,181732.734375,8640000
72,45.395761470794675,751704.1079427083,-0.00029433932633158596,57247.41796875,50069.32421875,8083.36376953125,147214.65625,8760000
73,45.395767027537026,772876.441484375,-9.758998053560694e-05,70988.8125,63148.51953125,18420.47265625,178704.328125,8880000
74,45.39577237129211,713874.5422135417,-0.0002099418998720163,64311.20703125,56605.875,19581.544921875,150863.21875,9000000
75,45.3957698059082,836652.2198697916,-0.000197159951408139,54858.82421875,51395.8984375,3755.2353515625,130388.7734375,9120000
76,45.39576538085937,754149.2738802084,-0.00024293321600301474,64659.9453125,58055.27734375,16635.943359375,170459.859375,9240000
77,45.39576694488525,792944.2778645833,-0.00034027673625132594,42056.05859375,34931.6640625,-4439.1142578125,138157.03125,9360000
78,45.39576323827108,869225.8317708333,-0.0006162413354392508,71227.09375,61806.23046875,21612.283203125,170547.28125,9480000
79,45.3957635307312,680238.445390625,-0.0005989809737648481,45757.87890625,44345.265625,-3708.2255859375,121935.703125,9600000
80,45.395766490300495,871756.9634895833,-0.0001918198807599462,66354.71875,62393.484375,20934.390625,164712.1875,9720000
81,45.39576612154643,829437.57890625,-0.00019929418145845073,68395.9140625,62430.30078125,17640.484375,181304.0,9840000
82,45.39576321919759,702449.8906770833,-0.00029809389692976156,47419.41015625,39596.3671875,625.2376098632812,143103.75,9960000
83,45.39575257619222,829693.68171875,-0.0005454736962443955,68613.28125,61926.3671875,14482.5576171875,174141.296875,10080000
84,45.3957378578186,765054.1480989583,-0.00040298971339476945,55031.44921875,46416.81640625,7002.67138671875,159068.296875,10200000
85,45.39573619842529,829171.9540625,-0.00013123317779748807,55457.44921875,49659.41015625,3962.82568359375,131480.953125,10320000
86,45.395737171173096,629869.4126822917,-0.00017047808930328756,27240.787109375,16993.34765625,-15457.595703125,135801.25,10440000
87,45.3957404645284,960671.3619791666,-0.00010026798367410568,68108.5,63670.3828125,15486.3349609375,153563.125,10560000
88,45.39573723475139,584416.6068489583,-0.0003534992034838069,30156.91015625,26599.77734375,-15378.9208984375,128008.1953125,10680000
89,45.395727774302166,682531.810078125,-0.00037434895713431613,28920.830078125,21898.25390625,-16832.8515625,139422.046875,10800000
90,45.395723762512205,594468.570625,-0.00026820016366703686,36981.25,26443.794921875,-11531.4814453125,151450.484375,10920000
91,45.395716514587406,629243.0444791666,-0.00035224604447042416,33648.74609375,25450.748046875,-13694.9521484375,117589.078125,11040000
92,45.395710226694746,717420.4072916667,-0.00022706280719451873,63411.63671875,56206.0234375,11718.6669921875,160761.234375,11160000
