update,dist_entropy,value_loss,action_loss,mean_rew,median_rew,min_rew,max_rew,num_steps
0,45.4166973845164,2.2854889118174713,-0.08014320201024626,-80.94424438476562,-85.86662292480469,-151.83639526367188,19.33636474609375,240000
1,45.584457430839535,2.694032329916954,-0.04799700080108513,-81.68630981445312,-84.92037200927734,-163.38853454589844,26.672704696655273,480000
2,45.7395813592275,3.670550771653652,-0.028390972424544428,-84.45722198486328,-87.9271011352539,-176.24685668945312,33.35442352294922,720000
3,45.86281464099884,3.8410700998703637,-0.022477800440861985,-77.53306579589844,-82.3998031616211,-154.08370971679688,34.02354049682617,960000
4,45.99678291956584,4.228104511598746,-0.018928218731881923,-82.60865783691406,-89.40660858154297,-170.6137237548828,39.386722564697266,1200000
5,46.119493794441226,4.657173612117767,-0.01612180447461848,-79.74628448486328,-84.79646301269531,-163.26174926757812,54.91077423095703,1440000
6,46.23141718069712,4.4832317473491035,-0.017030845178987876,-78.09062194824219,-80.5751724243164,-160.81320190429688,82.6979751586914,1680000
7,46.343519972165424,4.398650076587995,-0.015128251793104824,-86.8944091796875,-92.2120361328125,-162.77574157714844,76.95849609375,1920000
8,46.4764808956782,4.743451302051544,-0.014023546588943675,-83.68750762939453,-86.9784927368164,-164.6302490234375,26.34648323059082,2160000
9,46.60993816375733,4.533603654106458,-0.014644235996938353,-80.95957946777344,-84.15575408935547,-175.7831573486328,25.290050506591797,2400000
10,46.74125280857086,5.027181917230288,-0.015019146251052006,-75.05249786376953,-79.32135009765625,-160.40370178222656,79.94229888916016,2640000
11,46.84361161867778,4.743079063693682,-0.01582562307221527,-80.5965347290039,-83.45630645751953,-165.31869506835938,65.51871490478516,2880000
12,46.94930432796478,4.569535511732101,-0.015560589144746851,-84.57833862304688,-88.97046661376953,-176.7107696533203,38.69818115234375,3120000
13,47.06128966172536,4.759815220733484,-0.013858474446334413,-84.48654174804688,-87.92646789550781,-162.70492553710938,9.409172058105469,3360000
14,47.171307477951046,4.970961776177089,-0.01515862097923673,-81.69627380371094,-86.52749633789062,-150.2576904296875,101.40876770019531,3600000
15,47.2786001141866,4.783206118047238,-0.016559318491803577,-77.83882904052734,-79.69914245605469,-164.39927673339844,10.990577697753906,3840000
16,47.36776928583781,4.707155512968699,-0.01553309592298285,-80.47636413574219,-83.41941833496094,-147.86651611328125,1.551153302192688,4080000
17,47.47612236022949,4.663219524919986,-0.01589215945181877,-83.6981430053711,-86.36153411865234,-176.95301818847656,50.42866516113281,4320000
18,47.5808854230245,4.756746927599112,-0.016163335225010088,-80.79781341552734,-84.73040771484375,-169.61871337890625,40.94167709350586,4560000
19,47.685815232594805,4.809020912249883,-0.015211811310109624,-78.05982208251953,-82.9244613647461,-156.5322265625,109.84336853027344,4800000
20,47.785957579612734,4.702418631414573,-0.01640116749393371,-84.66712951660156,-86.333740234375,-154.51614379882812,17.271770477294922,5040000
21,47.87837618668874,4.548540891508261,-0.0167588664245856,-83.39164733886719,-87.29736328125,-152.8048095703125,53.40132141113281,5280000
22,47.9505420033137,4.529692204495271,-0.018159887318773448,-82.51017761230469,-85.28549194335938,-166.52127075195312,8.51333236694336,5520000
23,48.036942509015404,4.924630130330722,-0.016759840420768342,-79.40860748291016,-82.1986083984375,-165.8513946533203,42.55139923095703,5760000
24,48.14436227798462,4.785125736097495,-0.017565017694207655,-76.14871215820312,-80.29561614990234,-168.39271545410156,61.68316650390625,6000000
25,48.25724488894145,5.006377587119738,-0.01704906172411029,-81.19535064697266,-85.14703369140625,-156.287109375,45.61083984375,6240000
26,48.36587023258209,5.063063443799813,-0.017069548322375946,-78.46377563476562,-81.4735336303711,-202.87969970703125,40.452789306640625,6480000
27,48.46588542620341,4.6741655745108925,-0.018391808498775693,-81.51773071289062,-85.82147979736328,-148.7658233642578,24.69327163696289,6720000
28,48.574384802182514,5.012627344330152,-0.01771623466404757,-78.18441009521484,-82.52503204345703,-159.78123474121094,66.24981689453125,6960000
29,48.694112043380734,4.916223422189554,-0.0178512654774219,-82.81925964355469,-85.13065338134766,-179.41873168945312,-3.827932596206665,7200000
30,48.79157230695089,4.907763468027115,-0.018631732668698834,-76.67237091064453,-79.3793716430664,-165.79617309570312,26.012495040893555,7440000
31,48.89067068894704,4.984313891430696,-0.018431216664096913,-77.91665649414062,-77.43766784667969,-168.25718688964844,1.9228088855743408,7680000
32,48.985539503097534,4.805857544143994,-0.01874688391869834,-78.93606567382812,-80.78999328613281,-178.47828674316406,51.688751220703125,7920000
33,49.07422041575114,4.979158071378867,-0.019478710261823455,-79.98957061767578,-84.43800354003906,-151.28753662109375,51.38862609863281,8160000
34,49.16801769097646,5.049698535601298,-0.01965610556897294,-74.59396362304688,-77.2037582397461,-162.629638671875,64.63170623779297,8400000
35,49.2629515171051,4.935183140536149,-0.018147305589869423,-75.0728530883789,-77.36734771728516,-150.80532836914062,20.434463500976562,8640000
36,49.34702970981598,4.631086466809114,-0.01932657530168323,-78.06971740722656,-80.76791381835938,-160.81051635742188,27.429325103759766,8880000
37,49.43206927617391,4.729209166765213,-0.019403004490720452,-75.15267181396484,-79.11456298828125,-165.60372924804688,49.670467376708984,9120000
38,49.51383587201436,4.863762459854285,-0.01979644931583683,-72.54596710205078,-77.83695983886719,-152.1196746826172,44.371559143066406,9360000
39,49.599942870140076,4.8691045748194055,-0.01980809318099034,-74.16930389404297,-79.08489227294922,-150.8399658203125,40.88356399536133,9600000
40,49.6791970650355,4.981487186948458,-0.018782580352123355,-76.76966857910156,-80.34870147705078,-146.0413055419922,26.85220718383789,9840000
41,49.75441464106242,4.925815300643444,-0.019594211377476918,-75.36103057861328,-78.64692687988281,-153.3921661376953,42.69215393066406,10080000
42,49.832470153172814,5.086382090548674,-0.01981335330473788,-70.39529418945312,-75.50851440429688,-137.0457305908203,61.760562896728516,10320000
43,49.916216424306235,4.863247736096382,-0.01984524397504098,-70.66468811035156,-71.65635681152344,-160.03196716308594,48.27783203125,10560000
44,49.997424863179525,4.846878126660982,-0.01918334069534931,-66.69436645507812,-68.88896179199219,-148.93544006347656,70.16303253173828,10800000
45,50.06916730721792,4.729708675146103,-0.02053806248203576,-71.46759796142578,-73.24122619628906,-145.2825469970703,19.139347076416016,11040000
46,50.13631261666616,4.674689003725846,-0.02016393290266175,-74.62592315673828,-79.95365142822266,-152.63873291015625,70.31071472167969,11280000
47,50.22103142420451,5.02543306350708,-0.01923671844866779,-67.7843017578125,-68.76972198486328,-157.67376708984375,54.45168685913086,11520000
48,50.29532907009125,4.8525115349888805,-0.019918921581423586,-69.18092346191406,-72.14220428466797,-154.46739196777344,37.86852264404297,11760000
49,50.35443724632263,4.954397668838501,-0.020958575414277522,-69.07936096191406,-73.22608184814453,-157.28378295898438,51.700565338134766,12000000
50,50.40930520057678,4.85341344922781,-0.021014310187363206,-67.73930358886719,-68.47146606445312,-146.7001953125,26.023136138916016,12240000
51,50.465534001986185,5.055680648684501,-0.019824916733856904,-63.40643310546875,-72.84062957763672,-159.93418884277344,33.699825286865234,12480000
52,50.51621114730835,4.799870406289895,-0.020254752662499036,-67.91585540771484,-74.14371490478516,-131.15185546875,60.04010772705078,12720000
53,50.58221536636353,4.889631584187349,-0.019736219828537287,-69.20027923583984,-72.03231048583984,-162.65866088867188,41.50926208496094,12960000
54,50.62837749004364,4.913936161299547,-0.020498515521908917,-65.00437927246094,-69.35882568359375,-153.1051483154297,45.983585357666016,13200000
55,50.68018109798432,4.844071610669295,-0.021461979133175647,-65.44799041748047,-67.87747955322266,-157.36236572265625,35.11492156982422,13440000
56,50.728811200459795,4.831747802694639,-0.021303417408833715,-66.9031982421875,-70.67987060546875,-159.23745727539062,23.362382888793945,13680000
57,50.79845491250356,4.885274977485339,-0.01908505043674874,-67.0071029663086,-70.1533203125,-147.0580596923828,50.025596618652344,13920000
58,50.853046749432885,4.929842273890972,-0.020777202634420934,-61.89970397949219,-65.79627227783203,-146.63352966308594,28.559648513793945,14160000
59,50.902431440353396,4.6412651266654334,-0.02141415871129387,-65.08440399169922,-69.8725814819336,-169.08953857421875,16.94364356994629,14400000
60,50.94848508834839,4.699992259542148,-0.020594297189477213,-63.26812744140625,-66.12654876708984,-137.52610778808594,38.679718017578125,14640000
61,50.99986370563507,4.533116251726946,-0.020105600864460105,-67.38719940185547,-71.74945068359375,-160.3751678466797,53.00038146972656,14880000
62,51.05305662155151,4.594034617841244,-0.020436261482884674,-61.96169662475586,-64.02498626708984,-152.49993896484375,36.8186149597168,15120000
63,51.087550264994306,4.655676732957363,-0.020752039010241485,-64.61164093017578,-67.79522705078125,-169.2919158935547,29.29380226135254,15360000
64,51.134592499732975,4.88690380791823,-0.01947390494081977,-61.5302619934082,-65.20561218261719,-143.85203552246094,113.30410766601562,15600000
65,51.18839908440908,4.79697963466247,-0.02105855793852606,-61.34612274169922,-64.0085678100586,-141.09864807128906,36.318092346191406,15840000
66,51.22035500208537,4.844157447914283,-0.020995865661862182,-59.203857421875,-58.906192779541016,-150.34800720214844,66.97381591796875,16080000
67,51.27058003266652,5.391347275177638,-0.01870276913801566,-58.800662994384766,-62.43424606323242,-141.0248260498047,40.525596618652344,16320000
68,51.316161743799846,5.010052490532399,-0.020955931203041775,-60.02257537841797,-65.08305358886719,-156.92062377929688,23.573408126831055,16560000
69,51.350153878529866,4.851893569926421,-0.020477749107591686,-62.72390365600586,-65.95694732666016,-132.81715393066406,49.24801254272461,16800000
70,51.384270542462666,4.610928577383359,-0.02125682652458636,-56.491756439208984,-57.60026168823242,-123.34341430664062,19.15038299560547,17040000
71,51.41521857420604,4.80126191119353,-0.020587002222236302,-59.27654266357422,-61.56863784790039,-152.808837890625,50.11832809448242,17280000
72,51.454595885276795,4.659914236366749,-0.02184264014407442,-58.280906677246094,-60.80496597290039,-180.4657745361328,69.8294448852539,17520000
73,51.481195287704466,4.903285610576471,-0.0213060423780243,-58.2724609375,-60.23463439941406,-149.27760314941406,64.36914825439453,17760000
74,51.52492974758148,4.630322057207425,-0.02148978476280187,-58.7532844543457,-61.09123229980469,-169.2716522216797,34.78059005737305,18000000
75,51.56028373877207,4.561422187387944,-0.022037363854540973,-57.08365249633789,-59.03990173339844,-135.34605407714844,57.83148193359375,18240000
76,51.607763878504436,4.538317684531211,-0.020166500707465326,-61.20266342163086,-59.21841049194336,-141.01268005371094,7.8790974617004395,18480000
77,51.65875001589457,4.931253126462301,-0.020395396635723272,-55.49053192138672,-59.3220329284668,-158.4613494873047,61.41482925415039,18720000
78,51.70426804701487,4.7382522284984585,-0.02057654335144548,-51.11729049682617,-52.952171325683594,-163.13409423828125,34.95869445800781,18960000
79,51.73567644437154,4.725092648565769,-0.020801600396301485,-58.86347579956055,-63.471641540527344,-156.0233917236328,49.32002639770508,19200000
80,51.78451583703359,4.856428672174613,-0.019746569783034525,-59.19315719604492,-65.0663833618164,-126.0650863647461,106.17228698730469,19440000
81,51.84302425225576,4.470251307388147,-0.019895090843321382,-57.3766975402832,-61.56331253051758,-134.25958251953125,57.83390426635742,19680000
82,51.891485749880474,4.627314424117406,-0.01988637434530877,-53.22404098510742,-55.664676666259766,-141.39813232421875,63.94091033935547,19920000
83,51.92897862752279,4.922975380321343,-0.019969960442096334,-56.635135650634766,-58.42863845825195,-139.37112426757812,63.41433334350586,20160000
84,51.98070685704549,4.5809106677770615,-0.02022463762901528,-56.45860290527344,-58.29732131958008,-131.2716827392578,59.91234588623047,20400000
85,52.02495698451996,4.501548998852571,-0.020340558234518843,-54.251502990722656,-55.70560073852539,-152.7681884765625,62.06014633178711,20640000
86,52.0677876106898,4.701779258747895,-0.01980545129429629,-55.99181365966797,-56.072139739990234,-154.62628173828125,72.88130187988281,20880000
87,52.1278998708725,4.7087481328845024,-0.020410626542511637,-57.09058380126953,-60.914669036865234,-141.0594024658203,55.358882904052734,21120000
88,52.18237820625305,4.4031627252697945,-0.019509428015779803,-57.46143341064453,-61.10807800292969,-143.19065856933594,73.89927673339844,21360000
89,52.236218899091085,4.812634414235751,-0.019833120667258584,-52.21579360961914,-54.00625991821289,-121.53401947021484,93.5261001586914,21600000
90,52.29468712647756,4.4825080158313115,-0.020273437752284355,-61.7074089050293,-65.17069244384766,-142.8347625732422,38.224510192871094,21840000
91,52.345958291689556,4.81911567568779,-0.020767707200776423,-52.93174743652344,-54.99446105957031,-140.9676971435547,46.49999237060547,22080000
92,52.3955905008316,4.685164281527201,-0.020931047619881914,-52.84189224243164,-56.91274642944336,-145.37692260742188,49.059471130371094,22320000
93,52.44016023159027,4.406285010774931,-0.020655571446633113,-58.37899398803711,-61.75535583496094,-143.53118896484375,43.69881820678711,22560000
94,52.4858281437556,4.63754226843516,-0.020149635024771063,-53.925819396972656,-57.035396575927734,-130.70889282226562,74.77545928955078,22800000
95,52.527006360689796,4.307310980359714,-0.021426288773152558,-61.16796875,-65.0250244140625,-134.02468872070312,23.61293601989746,23040000
96,52.56936099847158,4.488396904567877,-0.019602656782919656,-58.276493072509766,-60.760284423828125,-129.81292724609375,76.20272827148438,23280000
97,52.607417461077375,4.84526274840037,-0.019889854941864276,-52.464569091796875,-53.36315155029297,-127.56656646728516,69.00082397460938,23520000
98,52.64405398686727,4.654397525688013,-0.020032254228643513,-58.43227767944336,-60.98296356201172,-133.88751220703125,61.20783996582031,23760000
99,52.69106094201406,4.539338866670926,-0.01941929878204557,-57.47763442993164,-60.68009567260742,-127.42965698242188,58.827598571777344,24000000
100,52.75164224942525,4.603065987428029,-0.019337379666381906,-58.44144821166992,-63.51268005371094,-155.67739868164062,68.85491943359375,24240000
101,52.804418959617614,4.545933226943016,-0.019207470668482454,-56.005428314208984,-61.07472610473633,-123.50316619873047,49.06574630737305,24480000
102,52.854361201922096,4.595137802362442,-0.01921596363201798,-54.367591857910156,-59.07549285888672,-134.13922119140625,119.57891845703125,24720000
103,52.90590628782908,4.631981122195721,-0.020078186763085645,-60.8596076965332,-65.0792465209961,-127.76134490966797,42.017608642578125,24960000
104,52.96589700539907,4.748778636058171,-0.020020302286241454,-56.22492218017578,-58.47997283935547,-140.7797088623047,54.72118377685547,25200000
105,53.013285347620645,4.739121463795503,-0.01954352366413635,-56.69721603393555,-60.17408752441406,-138.887939453125,62.774234771728516,25440000
106,53.05784190972646,4.604605605403583,-0.01969375967859681,-55.97749328613281,-59.012123107910156,-124.00680541992188,46.77802658081055,25680000
107,53.09844298839569,4.736900379459064,-0.018529818419789686,-55.27354431152344,-60.90106201171875,-125.6802978515625,69.47737121582031,25920000
108,53.14624709924062,4.628954804937044,-0.019426409447538998,-61.2044677734375,-65.96992492675781,-143.8089599609375,73.56537628173828,26160000
109,53.191805550257364,4.867691949903965,-0.01954201926841885,-58.97146987915039,-62.54596710205078,-137.9004669189453,81.08956909179688,26400000
110,53.25360848903656,4.514745276172956,-0.019112093199351723,-57.69921875,-61.40257263183594,-128.11817932128906,74.32465362548828,26640000
111,53.28797788778941,4.80510755678018,-0.01905896064753051,-59.37628936767578,-61.34756088256836,-136.61180114746094,45.12268829345703,26880000
112,53.31723025480906,4.7771242255965864,-0.019726230072046748,-62.333763122558594,-65.43944549560547,-158.03936767578125,51.04637908935547,27120000
113,53.355125125249224,4.891906778514385,-0.019016414193649023,-59.489990234375,-60.66663360595703,-160.91184997558594,34.43472671508789,27360000
114,53.40002916177114,5.101640137235323,-0.01889522610821018,-61.30928421020508,-66.06007385253906,-131.2465362548828,35.39505386352539,27600000
115,53.4558213075002,4.6819151173035305,-0.01898340420764574,-56.590370178222656,-57.61844253540039,-138.94017028808594,66.79244232177734,27840000
116,53.51664681911468,5.0396993619203565,-0.0189724207456311,-58.27887725830078,-58.296470642089844,-143.94871520996094,45.54946517944336,28080000
117,53.5816606760025,4.758191155195236,-0.01952029330328666,-57.33116149902344,-61.733421325683594,-143.2121124267578,59.48102951049805,28320000
118,53.6504394308726,5.099107913474242,-0.019822088136177928,-56.84327697753906,-61.544708251953125,-125.46995544433594,56.16432189941406,28560000
119,53.71214066505432,4.651775833368301,-0.01935975609548147,-56.687381744384766,-56.13695526123047,-134.66397094726562,78.46279907226562,28800000
120,53.75222771644592,4.493833642005921,-0.02007983173749987,-65.02581787109375,-66.39702606201172,-151.5869903564453,38.606319427490234,29040000
121,53.794629521369934,4.952793328762055,-0.01921889516232568,-61.51069641113281,-66.62015533447266,-150.93154907226562,51.778316497802734,29280000
122,53.85477090835571,4.417610826989015,-0.019544511465677487,-54.48213577270508,-54.20847702026367,-152.65187072753906,66.86836242675781,29520000
123,53.92340093771617,4.621756520668666,-0.0187212127726887,-59.98066329956055,-63.60546875,-144.04229736328125,119.20330810546875,29760000
124,53.99478718916575,4.327884358565012,-0.018884895043223462,-58.27126693725586,-59.41920852661133,-140.88424682617188,58.28372573852539,30000000
125,54.053676710128784,4.553938975036144,-0.018813762043620272,-61.88294219970703,-59.88893127441406,-149.2938690185547,31.210773468017578,30240000
126,54.116469332377115,4.861364249587059,-0.01865235595615464,-56.342529296875,-55.42155456542969,-160.8174591064453,78.41087341308594,30480000
127,54.17382563114166,5.12148589571317,-0.018877363128301187,-54.5186767578125,-57.128746032714844,-142.36810302734375,54.51509094238281,30720000
128,54.23197283744812,4.624826749960581,-0.01967294107966874,-58.55907440185547,-62.176475524902344,-136.93890380859375,45.4533805847168,30960000
129,54.290468160311384,5.074465374052525,-0.0195476455283521,-60.568328857421875,-62.80614471435547,-136.61351013183594,68.08995819091797,31200000
130,54.352988977432254,4.821300838987033,-0.018686510717968,-56.94058609008789,-62.31233596801758,-173.25933837890625,40.92607879638672,31440000
131,54.413731891314185,4.942817509075006,-0.019807904201884413,-56.92000961303711,-58.65998840332031,-139.03628540039062,130.8687286376953,31680000
132,54.46870372931163,4.859289287924766,-0.01939719739851019,-54.90192413330078,-56.267940521240234,-149.95887756347656,68.70368194580078,31920000
133,54.530351017316185,4.717338552971681,-0.01914383549703113,-57.80150604248047,-58.77412033081055,-161.5936737060547,49.61729431152344,32160000
134,54.56564363161723,4.766180674135685,-0.019726313262168938,-56.426151275634766,-56.35115051269531,-138.05593872070312,40.34561538696289,32400000
135,54.610181999206546,4.888494267165661,-0.01934969760308377,-64.42817687988281,-67.2413330078125,-133.76388549804688,23.73484992980957,32640000
136,54.682215863863625,4.731870110034943,-0.01836298581789985,-59.28489303588867,-61.498416900634766,-145.60247802734375,36.4675178527832,32880000
137,54.73053916454315,4.705373040735721,-0.019098664486091082,-62.271278381347656,-64.34721374511719,-133.17318725585938,58.58106994628906,33120000
138,54.786677651405334,4.647337632675965,-0.01935365075998476,-57.63954162597656,-58.12394332885742,-160.94383239746094,28.034618377685547,33360000
139,54.84953059196472,4.463770910799504,-0.020173062979247713,-54.74824142456055,-57.120235443115234,-131.36068725585938,38.0303840637207,33600000
140,54.90657595952352,4.84023864865303,-0.01964333018981904,-61.38904571533203,-64.14995574951172,-133.32749938964844,130.5545196533203,33840000
141,54.96178731441498,4.968781067430973,-0.018800082201359297,-57.61373519897461,-60.93335723876953,-208.9906463623047,89.42866516113281,34080000
142,55.016956973075864,5.00439701984326,-0.01861053125735831,-57.61565399169922,-60.92757034301758,-143.64093017578125,76.74978637695312,34320000
143,55.082057310740154,4.885747576455275,-0.01872293472186546,-57.28324890136719,-62.71263885498047,-139.96011352539062,94.09395599365234,34560000
144,55.13985964775085,5.167206508318583,-0.01823552890928113,-55.88507843017578,-56.192440032958984,-148.97933959960938,56.10439682006836,34800000
145,55.197607712745665,5.1532418574889505,-0.018426230462741746,-60.49203872680664,-66.8482666015625,-126.54756164550781,30.82875633239746,35040000
146,55.249340858459476,4.505933795173963,-0.020491186641014944,-61.67023468017578,-66.68433380126953,-157.11680603027344,65.69148254394531,35280000
147,55.30351499875387,4.600741157333056,-0.019073858607566344,-58.89065170288086,-60.919395446777344,-136.84201049804688,34.41535186767578,35520000
148,55.35595913251241,4.764239393671354,-0.018265014929359797,-55.58100891113281,-56.777931213378906,-134.10543823242188,38.743370056152344,35760000
149,55.39678965250651,4.668830875655015,-0.01882219619720786,-60.87553405761719,-60.1718635559082,-148.97767639160156,30.25358009338379,36000000
150,55.43237887859345,4.765471363266309,-0.019443960092999455,-61.84297561645508,-62.53483200073242,-140.77931213378906,41.510711669921875,36240000
151,55.48017801602681,4.804323716064294,-0.018310703044647502,-59.793880462646484,-61.67338943481445,-141.08120727539062,70.91165924072266,36480000
152,55.52079733053843,4.687580542465051,-0.019189739953281635,-61.69533920288086,-62.2863883972168,-160.9953155517578,57.89223861694336,36720000
153,55.56052690505982,5.031564212342103,-0.01867077374068837,-57.21562194824219,-58.2558708190918,-138.55905151367188,38.47825622558594,36960000
154,55.59583630084992,4.6475509878993035,-0.018669856827480846,-65.12890625,-67.90534210205078,-148.39425659179688,50.71190643310547,37200000
155,55.638552538553874,4.425770495831967,-0.018784572248168464,-63.47248077392578,-62.92443084716797,-146.59286499023438,38.634578704833984,37440000
156,55.68155484676361,4.5604807784159975,-0.01925706843958229,-59.87728500366211,-61.38652801513672,-140.3332061767578,48.3814582824707,37680000
157,55.708838483492535,4.7252559938033425,-0.018347112449159795,-56.657527923583984,-59.44213104248047,-155.0712890625,49.423797607421875,37920000
158,55.72830795288086,4.635823103984197,-0.019642027027792892,-61.38357162475586,-64.71989440917969,-146.1700439453125,40.31965255737305,38160000
159,55.74495089530945,4.680185943742593,-0.019067196615765548,-60.39371109008789,-66.92711639404297,-131.25863647460938,77.01976776123047,38400000
160,55.77806369145711,4.584009622236093,-0.01866151662363412,-57.323665618896484,-56.92648696899414,-137.042724609375,43.46546173095703,38640000
161,55.79487106959025,4.772266818682353,-0.018710228142227454,-59.411659240722656,-59.47127914428711,-141.5181884765625,42.1766471862793,38880000
162,55.831382667223615,4.799012222985427,-0.018327600836993647,-58.01752853393555,-62.328758239746094,-146.98434448242188,48.55728530883789,39120000
163,55.87948770999908,4.7278531802694,-0.01894585801593839,-63.266990661621094,-65.84486389160156,-155.67189025878906,56.657039642333984,39360000
164,55.927430510520935,4.6265124742190045,-0.01879550063788571,-58.14771270751953,-60.52116394042969,-147.66885375976562,52.279457092285156,39600000
165,55.97706514676412,4.62736290872097,-0.01829335921581484,-62.15738296508789,-62.50798416137695,-149.25218200683594,20.439985275268555,39840000
166,56.03391907056173,4.905587875545025,-0.018510738471316016,-60.40837860107422,-64.99528503417969,-144.83303833007812,89.19322204589844,40080000
167,56.0955029741923,4.893322011927764,-0.018278176226384252,-54.58789825439453,-57.68642807006836,-146.1299591064453,44.584835052490234,40320000
168,56.159156645139056,4.774655956327916,-0.017180690348734894,-61.733154296875,-63.86851501464844,-140.12576293945312,46.36537170410156,40560000
169,56.227150778770444,4.5514893940091135,-0.01855987734987309,-64.2651138305664,-65.90809631347656,-162.4987335205078,52.98260498046875,40800000
170,56.281259201367696,4.70510318706433,-0.01760135080484133,-57.47380828857422,-63.709815979003906,-132.598876953125,66.4456787109375,41040000
171,56.33010186672211,4.5644435772299765,-0.0188889292170262,-65.10668182373047,-68.0606918334961,-156.64256286621094,63.33034896850586,41280000
172,56.39158232847849,4.541743915875752,-0.019777483328978936,-61.21323776245117,-62.600364685058594,-141.27267456054688,21.237520217895508,41520000
173,56.44606809457143,4.654685253401597,-0.018592492307784595,-59.59585952758789,-64.82328796386719,-137.02523803710938,52.14604187011719,41760000
174,56.50652061621348,4.885356216828028,-0.018331976643651635,-62.19345474243164,-60.36493682861328,-152.5688934326172,53.48451232910156,42000000
175,56.58141354878744,4.966125154197216,-0.01814216280781617,-62.14947509765625,-66.69255828857422,-144.30181884765625,62.35114288330078,42240000
176,56.644844562212626,4.6254177635908125,-0.01871314781291621,-64.41654968261719,-67.98136901855469,-133.70700073242188,37.13982391357422,42480000
177,56.70729695638021,4.57655309299628,-0.018642570431348798,-61.36655807495117,-62.69205093383789,-138.62818908691406,42.38420104980469,42720000
178,56.76861946900686,4.735179831683635,-0.018002231088690146,-62.42699432373047,-64.967529296875,-158.45004272460938,60.19061279296875,42960000
179,56.84116430282593,4.538624513745308,-0.018176142093742367,-63.117103576660156,-64.44981384277344,-143.0280303955078,36.15408706665039,43200000
180,56.91497958819071,4.595531618197759,-0.017935366509485295,-66.92967987060547,-69.16558837890625,-141.00001525878906,35.247161865234375,43440000
181,56.98948591868083,4.552536622484525,-0.018814360548415152,-62.436946868896484,-64.63098907470703,-155.28970336914062,62.603816986083984,43680000
182,57.06383912086487,4.432009109556675,-0.01825313510929751,-63.25000762939453,-66.39868927001953,-150.04930114746094,57.83402633666992,43920000
183,57.14027579307556,4.43402585764726,-0.018238300933346635,-61.83633041381836,-67.99547576904297,-131.28610229492188,68.11731719970703,44160000
184,57.21737879276276,4.546217241585254,-0.017780834037971923,-60.03597640991211,-63.60931396484375,-145.59983825683594,79.72842407226562,44400000
185,57.28866256554922,4.682035036881765,-0.01914911158528791,-63.93889617919922,-66.31517028808594,-136.6573028564453,58.34861373901367,44640000
186,57.349031569163,4.637464123169581,-0.018196210398257334,-62.71098327636719,-62.4014892578125,-176.3703155517578,43.81293487548828,44880000
187,57.41078062852224,4.608869390984376,-0.0178557608517616,-64.47333526611328,-65.30244445800781,-152.5839080810547,47.820030212402344,45120000
188,57.48441439628601,4.475047843754291,-0.01862643983662944,-63.35867691040039,-67.6181869506836,-145.19216918945312,63.56597137451172,45360000
189,57.546496691703794,4.807058219512304,-0.01885346266543839,-64.46453857421875,-66.71500396728516,-152.75340270996094,31.449234008789062,45600000
190,57.61244509061178,4.657888040145238,-0.0183737760138744,-61.47016525268555,-63.52970504760742,-147.5250701904297,60.11211395263672,45840000
191,57.67963276227315,5.003768829703331,-0.018312729217313216,-62.45343780517578,-67.99869537353516,-138.14230346679688,62.40301513671875,46080000
192,57.75076814651489,4.673287564615409,-0.01932587439386528,-62.67735290527344,-64.95034790039062,-145.24929809570312,34.073448181152344,46320000
193,57.81375651995341,4.988089187840621,-0.018340392250449138,-61.955848693847656,-62.44207763671875,-151.02194213867188,47.152076721191406,46560000
194,57.86959411144257,4.609882865945498,-0.01831784762506383,-64.20799255371094,-68.54219055175781,-133.53318786621094,25.208595275878906,46800000
195,57.92782442251841,4.539607504705588,-0.01737696715800818,-65.52871704101562,-71.16780853271484,-142.58079528808594,58.43815994262695,47040000
196,57.99179726600647,4.661182875931263,-0.018320333550652018,-61.6651496887207,-62.58573532104492,-156.4415283203125,24.769201278686523,47280000
197,58.04827064990997,4.630087119241556,-0.01881890150101147,-67.2683334350586,-69.61917877197266,-142.5590057373047,30.320289611816406,47520000
198,58.101525088946026,4.524026306370894,-0.018906252294588435,-64.65792846679688,-65.68927001953125,-151.00787353515625,49.02346420288086,47760000
199,58.141374289194744,4.824372722009818,-0.01822784195859261,-57.85068130493164,-62.21932601928711,-139.6328887939453,48.91462707519531,48000000
200,58.201147770881654,4.5729476756850875,-0.017844423997573054,-61.653953552246094,-63.1026496887207,-152.82083129882812,59.49380874633789,48240000
201,58.252578336397804,4.9414876040816305,-0.017767782545150795,-62.23070526123047,-66.35621643066406,-146.25555419921875,32.11985397338867,48480000
202,58.31557422002157,4.56028645803531,-0.01794647144542599,-56.9460334777832,-60.5784797668457,-145.7229461669922,47.58654022216797,48720000
203,58.368402126630144,4.962889974514644,-0.018091630723717646,-59.522674560546875,-63.88302230834961,-144.51214599609375,76.93639373779297,48960000
204,58.422346250216165,5.1354755857586865,-0.017260376049407,-63.9681396484375,-66.22794342041016,-144.99070739746094,47.40681076049805,49200000
205,58.47941064357757,4.905108367701372,-0.018152050205958878,-60.735107421875,-63.37355422973633,-137.4871826171875,38.67853927612305,49440000
206,58.53448964277903,4.932974974711736,-0.018393320176096496,-63.4141960144043,-64.76416778564453,-180.7828369140625,23.91550636291504,49680000
207,58.57608376502991,4.53730687836806,-0.01855681098581158,-59.85222625732422,-61.25580978393555,-133.6753692626953,52.56139373779297,49920000
208,58.61601173559825,4.698767172594865,-0.017716123919361355,-68.11332702636719,-72.7770004272461,-136.33502197265625,50.94154357910156,50160000
209,58.66983905474345,4.757631173531214,-0.01709941417170891,-65.302490234375,-66.0907974243164,-136.95265197753906,32.931785583496094,50400000
210,58.695879143079125,4.672457618415356,-0.017999284165457066,-65.48147583007812,-69.99545288085938,-146.53018188476562,35.80500793457031,50640000
211,58.71786997636159,4.705293825268745,-0.017833970303433186,-66.81803894042969,-68.3427505493164,-155.0546417236328,32.77214050292969,50880000
212,58.753854751586914,4.618752593994141,-0.01860311569750555,-60.34233093261719,-63.767452239990234,-148.7213592529297,64.92643737792969,51120000
213,58.7867488749822,4.932873276174068,-0.01885835152245363,-62.78860092163086,-65.6736068725586,-156.08966064453125,50.90492630004883,51360000
214,58.82183726787567,4.959059151212374,-0.01836125469422465,-61.58442306518555,-64.36668395996094,-148.3164520263672,118.16519927978516,51600000
215,58.86443404038747,4.657874075373014,-0.018645827039088847,-70.80950164794922,-74.64897918701172,-160.92642211914062,31.273000717163086,51840000
216,58.9120648876826,4.548033542136351,-0.018158363451504254,-65.90995788574219,-68.17141723632812,-157.43423461914062,53.74052047729492,52080000
217,58.969632309277856,4.805744825998942,-0.017149682495926678,-65.07176971435547,-64.60565185546875,-147.50437927246094,62.7000617980957,52320000
218,59.00785870393117,4.566796808242798,-0.018559695557596855,-59.64544677734375,-60.72437286376953,-155.69361877441406,41.37528991699219,52560000
219,59.04702635129293,4.802099031011264,-0.018194867974222692,-64.18756866455078,-67.16205596923828,-160.62388610839844,30.264633178710938,52800000
220,59.088450811704,4.825049826602141,-0.017951706561987257,-66.61599731445312,-68.58150482177734,-147.49217224121094,54.96490478515625,53040000
221,59.128714367548625,4.50980903416872,-0.017750980943645422,-65.5799331665039,-65.25130462646484,-181.7938995361328,38.54118728637695,53280000
222,59.16489415009816,4.387574719786644,-0.01824207053917083,-66.87672424316406,-68.3014907836914,-151.19631958007812,30.575910568237305,53520000
223,59.21234186490377,4.707536508043607,-0.018140685463130475,-61.48261260986328,-63.329654693603516,-152.06692504882812,36.87568664550781,53760000
224,59.273944768905636,4.5465104896823565,-0.01808969404429869,-62.93840026855469,-65.27950286865234,-136.0865020751953,45.16419982910156,54000000
225,59.33783987522125,4.765207275549571,-0.017772856328003853,-62.0485725402832,-64.39332580566406,-167.56134033203125,54.51948928833008,54240000
226,59.40209832986196,4.362443903187911,-0.018442541598448468,-62.676517486572266,-65.0091781616211,-145.20211791992188,22.2525691986084,54480000
227,59.47307655493418,4.639247722327709,-0.017943387407875284,-69.20379638671875,-72.14348602294922,-138.34735107421875,32.422489166259766,54720000
228,59.53500023682912,4.575642794668674,-0.017485683649369244,-65.7071762084961,-68.47469329833984,-176.6276397705078,31.627235412597656,54960000
229,59.60465570449829,4.901678539315859,-0.018118261105648632,-60.15471649169922,-62.81251907348633,-132.7012939453125,44.94794464111328,55200000
230,59.673018560409545,4.258106605907281,-0.019074318292069847,-63.63650131225586,-64.66151428222656,-135.75732421875,43.41042709350586,55440000
231,59.71312660217285,4.389803409675757,-0.019110348871415585,-65.54673767089844,-70.38379669189453,-151.78334045410156,48.936180114746094,55680000
232,59.770193332036335,4.5878410628437996,-0.01925265395065253,-61.295291900634766,-63.197235107421875,-140.04820251464844,54.91900634765625,55920000
233,59.827605482737226,4.45907508979241,-0.018665407305581236,-65.7359390258789,-67.06930541992188,-151.6377716064453,34.08148956298828,56160000
234,59.89959146499634,4.624613869190216,-0.018448118964340475,-61.61666488647461,-64.0591049194336,-143.11697387695312,61.74607849121094,56400000
235,59.9730926990509,4.777248280743758,-0.01831750787753246,-62.712928771972656,-67.25019836425781,-138.79498291015625,52.94972610473633,56640000
236,60.04915575663249,4.466319785614808,-0.018287089992497556,-61.16399383544922,-64.41930389404297,-138.39588928222656,72.5500259399414,56880000
237,60.11143073399862,4.316829133530458,-0.01837228384640601,-65.38585662841797,-65.40814208984375,-140.0590057373047,50.4732666015625,57120000
238,60.15324078241984,4.355250360866387,-0.018629436161883936,-70.73101043701172,-73.97782135009766,-141.85391235351562,47.44325256347656,57360000
239,60.219382219314575,4.627268541852633,-0.0185352402056598,-67.16244506835938,-72.01695251464844,-166.74366760253906,77.9150390625,57600000
240,60.28682690143585,4.628323263823986,-0.017783945809212394,-65.91609954833984,-70.0391845703125,-160.4639892578125,41.57355880737305,57840000
241,60.34680911064148,4.549917192359765,-0.01859812596779193,-61.93659973144531,-64.79646301269531,-139.218505859375,58.4135856628418,58080000
242,60.40530766963959,4.599707423746586,-0.018890300269169984,-65.98101806640625,-65.04765319824219,-155.54098510742188,30.3818359375,58320000
243,60.470289112726846,4.682808006703854,-0.017749914563861845,-61.64115905761719,-65.7340087890625,-133.31103515625,42.52755355834961,58560000
244,60.54165315945943,4.664466502666474,-0.018316511534215277,-63.68918991088867,-66.51244354248047,-152.6800994873047,104.41056823730469,58800000
245,60.60808361689249,4.692739527523518,-0.017962612809978917,-66.7817153930664,-69.61164855957031,-144.0997772216797,69.12367248535156,59040000
246,60.684871956507365,4.74286004036665,-0.01751310527810337,-67.67923736572266,-70.53653717041016,-151.33892822265625,23.397167205810547,59280000
247,60.742573103904725,4.875808434486389,-0.018216774602351507,-61.28474807739258,-62.43470001220703,-152.35789489746094,72.77123260498047,59520000
248,60.81375865618388,4.42674622486035,-0.019003733784977234,-63.40340042114258,-65.94121551513672,-135.6711883544922,43.895103454589844,59760000
249,60.89621641159058,4.856802258590857,-0.018157107894379198,-66.40704345703125,-67.65445709228516,-141.62350463867188,40.52764129638672,60000000
250,60.94990368684133,4.553436275025208,-0.0183605501816758,-61.49960708618164,-62.30507278442383,-163.42861938476562,93.49584197998047,60240000
251,61.004535824457804,4.981170194049676,-0.018297060275221877,-60.20664596557617,-59.942115783691406,-156.5915069580078,37.690940856933594,60480000
252,61.06734224478404,4.689810899992784,-0.019235302879040243,-59.735496520996094,-61.22864532470703,-152.13467407226562,48.952064514160156,60720000
253,61.118474054336545,4.593821227351825,-0.018623653781740697,-59.532127380371094,-58.30717468261719,-163.09950256347656,46.98252868652344,60960000
254,61.15662724494934,4.641601970493793,-0.018357401134622173,-63.37672805786133,-65.86266326904297,-154.72389221191406,46.5217399597168,61200000
255,61.19489873727163,4.755193022489547,-0.01781657289745207,-67.25109100341797,-69.89244842529297,-166.4666290283203,89.16033172607422,61440000
256,61.215090295473736,4.643552570641041,-0.018008828714614157,-62.104026794433594,-63.94540023803711,-150.124267578125,40.088104248046875,61680000
257,61.23441495100657,4.337210563222567,-0.017858201433501412,-66.15721893310547,-68.8775634765625,-144.133544921875,30.511552810668945,61920000
258,61.24796490351359,4.800277670621872,-0.017632919977353084,-61.07786560058594,-66.63407897949219,-151.92027282714844,44.45363998413086,62160000
259,61.27206992149353,4.510856630702813,-0.018401588738411193,-61.77261734008789,-66.40699768066406,-183.12844848632812,44.95096969604492,62400000
260,61.29461204210917,4.60151883939902,-0.018828638947806554,-64.11902618408203,-65.6392593383789,-163.0152587890625,23.696277618408203,62640000
261,61.31446255683899,4.379221502741178,-0.01852146494592186,-65.1550064086914,-68.37580871582031,-126.76924896240234,37.081214904785156,62880000
262,61.33766593138377,4.772504667143027,-0.017464121792353734,-63.64057540893555,-68.10742950439453,-147.15736389160156,22.98625373840332,63120000
263,61.371677947044375,4.816662760178248,-0.01902816684713533,-61.074832916259766,-66.31326293945312,-166.4269256591797,55.60151290893555,63360000
264,61.41838158607483,4.565485230386257,-0.017704701923308523,-64.80490112304688,-68.073974609375,-142.1470947265625,28.029258728027344,63600000
265,61.45010990142822,4.721178499758244,-0.01794653199967816,-60.94195556640625,-63.89826965332031,-137.19178771972656,90.12734985351562,63840000
266,61.48365000565847,4.576098172366619,-0.01771372672562696,-65.85391235351562,-67.68102264404297,-155.58497619628906,34.27912902832031,64080000
267,61.517564266522726,4.568420597414176,-0.017337210647508906,-64.60458374023438,-67.33346557617188,-150.8044891357422,21.26873779296875,64320000
268,61.55699419498443,4.592471935550372,-0.01883362780750436,-65.85987854003906,-70.0829849243164,-134.63348388671875,41.43232727050781,64560000
269,61.584795657793684,4.5226989873250325,-0.018086991595840422,-62.66244888305664,-66.20765686035156,-129.93157958984375,68.4759750366211,64800000
270,61.6164874569575,4.712029377718767,-0.017604442802956064,-64.4758529663086,-67.84567260742188,-154.2165069580078,45.33787155151367,65040000
271,61.659080753326414,4.766735867162546,-0.018510657872009614,-59.86951446533203,-58.55875778198242,-165.99835205078125,50.64529037475586,65280000
272,61.716387074788415,4.809346612393856,-0.018419419527426727,-60.52833938598633,-60.567386627197266,-144.60792541503906,42.0328369140625,65520000
273,61.75777997016907,5.107364917596181,-0.01824628494681292,-59.80766296386719,-64.51130676269531,-132.45266723632812,60.26428985595703,65760000
274,61.81523044427236,4.524760738710563,-0.018793893764448816,-63.88338851928711,-69.46918487548828,-170.7345428466797,92.86996459960938,66000000
275,61.874752173423765,4.776056397457918,-0.017497767298963633,-62.14657974243164,-64.3009262084961,-132.08949279785156,30.33847999572754,66240000
276,61.92399787584941,4.812886006037394,-0.01821189453462618,-64.466552734375,-66.59674072265625,-153.65269470214844,89.85243225097656,66480000
277,61.972955384254455,4.779477514922619,-0.01747740034101696,-63.65110778808594,-62.4439811706543,-139.13523864746094,39.99359893798828,66720000
278,62.02141057014465,4.831488809684912,-0.017373636467947713,-62.6520881652832,-65.48091888427734,-147.0408935546875,33.088932037353516,66960000
279,62.0766490316391,4.3926874138911565,-0.018211669359170627,-65.451171875,-65.57936096191406,-134.2331085205078,9.905272483825684,67200000
280,62.1316396745046,4.899471934735775,-0.016855844826395697,-60.72963333129883,-65.8888931274414,-134.55870056152344,71.55439758300781,67440000
281,62.18206333955129,4.382536941369374,-0.01850398950070641,-62.68401336669922,-63.42134475708008,-151.08795166015625,49.653812408447266,67680000
282,62.212753178278604,4.743393577635288,-0.018106340026943144,-60.30794906616211,-63.98982238769531,-156.91238403320312,40.818031311035156,67920000
283,62.26033660411835,4.35777244190375,-0.01815996694685661,-65.73892211914062,-68.54776763916016,-151.965576171875,32.642024993896484,68160000
284,62.2964083592097,4.662378103335699,-0.017881915012050057,-63.93600845336914,-66.52716827392578,-176.67852783203125,83.44992065429688,68400000
285,62.340026432673135,4.8374367724855745,-0.018691676458448304,-64.42909240722656,-64.19668579101562,-164.96533203125,39.84046936035156,68640000
286,62.388184342384335,4.589742784798145,-0.01797288560024678,-65.1995620727539,-69.1155014038086,-164.30377197265625,44.586090087890625,68880000
287,62.431577715873715,4.567707929710547,-0.01837748610323009,-64.08273315429688,-67.23246002197266,-147.63290405273438,79.43789672851562,69120000
288,62.47591002305349,4.61835909773906,-0.018087674292806354,-64.0435791015625,-67.62548828125,-153.3069610595703,53.427207946777344,69360000
289,62.52883177916209,4.4900584360957145,-0.01809971762242526,-66.81251525878906,-69.38387298583984,-180.79986572265625,52.83112335205078,69600000
290,62.58224732875824,4.632176312704881,-0.017834410391690956,-63.25593566894531,-66.14952087402344,-145.3122100830078,40.8617057800293,69840000
291,62.64865019639333,4.543827076256275,-0.017669536212091164,-62.900447845458984,-65.2629623413086,-155.77378845214844,54.11928176879883,70080000
292,62.70814042091369,4.614902384877205,-0.01809633150639911,-64.1240234375,-66.9085922241211,-160.17160034179688,49.658512115478516,70320000
293,62.78738064606984,4.589538155098756,-0.018347745254462103,-68.4752197265625,-71.54415130615234,-143.46173095703125,46.12939453125,70560000
294,62.8477167224884,4.586690511902173,-0.018366001394059216,-65.07865905761719,-69.04007720947266,-151.1610107421875,78.82318115234375,70800000
295,62.902205022176105,4.642171853284041,-0.018550691311043012,-64.47058868408203,-72.67345428466797,-158.23435974121094,54.25968551635742,71040000
296,62.966487350463865,4.656584180792173,-0.01783957142099922,-64.4931640625,-62.81047821044922,-147.75323486328125,75.45806884765625,71280000
297,63.02811584949493,4.665530788103739,-0.017771887594905326,-63.884803771972656,-66.70218658447266,-163.14071655273438,29.889616012573242,71520000
298,63.087325178782145,4.555033925175667,-0.01770808445262143,-64.70629119873047,-69.12153625488281,-126.38145446777344,62.89733123779297,71760000
299,63.12749949773153,4.817672886451086,-0.01838048238276239,-62.19318389892578,-65.99615478515625,-156.82772827148438,32.50979232788086,72000000
300,63.179707125027974,4.9215552755196885,-0.017948157938776604,-64.63552856445312,-64.64850616455078,-145.03024291992188,58.79429244995117,72240000
301,63.24415518919627,4.990871600310007,-0.018305988114153706,-66.01432800292969,-67.84346008300781,-141.7500457763672,19.668272018432617,72480000
302,63.29621051311493,4.651021006306013,-0.017477200460341465,-65.57470703125,-68.61849975585938,-145.18031311035156,42.52157211303711,72720000
303,63.35432459036509,4.6744803434610365,-0.017689690077842594,-63.25508499145508,-65.86194610595703,-142.68768310546875,65.97229766845703,72960000
304,63.42273052533468,5.0446651512384415,-0.01735006760789133,-60.53177261352539,-60.71028518676758,-148.16607666015625,60.020286560058594,73200000
305,63.483418696721394,4.695303870638211,-0.017120493267556186,-63.8565673828125,-64.50824737548828,-145.0032501220703,59.57278823852539,73440000
306,63.52250346660614,4.740610448122024,-0.01750032713772877,-61.52378463745117,-64.24158477783203,-165.7378387451172,27.412954330444336,73680000
307,63.5590902074178,4.836594603558382,-0.017174840899336536,-64.35686492919922,-64.03406524658203,-148.21107482910156,27.796875,73920000
308,63.599246718088786,4.5885451500614485,-0.01773562117564533,-62.81645202636719,-66.57207489013672,-155.69970703125,17.291826248168945,74160000
309,63.642383346557615,4.33052013784647,-0.017460813053441136,-67.89068603515625,-68.50880432128906,-137.97084045410156,9.016255378723145,74400000
310,63.67365966796875,4.619537614583969,-0.01793372082970658,-64.05654907226562,-65.65125274658203,-157.9944305419922,66.33123016357422,74640000
311,63.70494651635488,4.582712863087654,-0.0174616894325239,-65.72708892822266,-69.57479095458984,-137.0676727294922,30.403600692749023,74880000
312,63.738642519315086,4.671465349992117,-0.016813589255928414,-64.42657470703125,-68.94731140136719,-134.7927703857422,43.356353759765625,75120000
313,63.75898849646251,4.83607742557923,-0.01805286003078398,-60.468475341796875,-64.57354736328125,-141.61044311523438,58.23968505859375,75360000
314,63.777156556447345,4.40828450948,-0.0195311822060133,-67.56853485107422,-70.62284851074219,-141.34866333007812,77.19463348388672,75600000
315,63.80135508219401,4.528011552393436,-0.017052327712931543,-64.41667175292969,-68.21349334716797,-148.3822479248047,31.113759994506836,75840000
316,63.831636001269025,4.546490790247917,-0.017560417963732106,-62.189510345458984,-61.92112731933594,-161.21920776367188,54.625,76080000
317,63.86607469558716,4.386740964154402,-0.017966978290917267,-65.3818359375,-66.65281677246094,-157.80836486816406,10.94761848449707,76320000
318,63.90828777154287,4.400523676971594,-0.01844477126730832,-65.28298950195312,-67.61420440673828,-170.63417053222656,35.20613479614258,76560000
319,63.95722092310587,4.320340441962083,-0.01834357760318312,-63.893211364746094,-67.30813598632812,-141.54922485351562,66.02600860595703,76800000
320,64.00057082176208,4.591256566445033,-0.016991197143207726,-66.28314971923828,-67.66822052001953,-134.64271545410156,57.07225036621094,77040000
321,64.02850305239359,4.401012733081976,-0.017911785490958655,-62.471805572509766,-65.09169006347656,-129.09335327148438,59.078121185302734,77280000
322,64.05782657623291,4.5507950918873155,-0.017603406231426866,-62.12883758544922,-64.771728515625,-154.7567138671875,22.949419021606445,77520000
323,64.08710126241048,4.533223405977091,-0.017343843532675863,-64.90974426269531,-69.99436950683594,-138.04959106445312,94.57874298095703,77760000
324,64.11375920295716,4.6978545946876205,-0.017285379200418352,-59.18637466430664,-62.928035736083984,-169.72695922851562,61.9404411315918,78000000
325,64.17525911013286,4.54926317880551,-0.017305797663081345,-64.04953002929688,-66.60359191894531,-130.0840301513672,13.773974418640137,78240000
326,64.22436726570129,4.7107846437891325,-0.017448569786720894,-62.720252990722656,-65.66234588623047,-174.736083984375,73.30261993408203,78480000
327,64.27614881197611,4.718589673141638,-0.0180113871276122,-62.16193771362305,-66.29965209960938,-144.83160400390625,71.25346374511719,78720000
328,64.3112855497996,4.402418737014135,-0.01780168553002568,-64.96111297607422,-65.32867431640625,-142.9955291748047,20.981056213378906,78960000
329,64.33372582435608,4.5537995495398835,-0.01786743501571891,-58.85686492919922,-61.36435317993164,-144.4401397705078,50.59576416015625,79200000
330,64.37627660751343,4.786310930450758,-0.016837997685147457,-65.24654388427734,-67.5372314453125,-149.90957641601562,32.98149108886719,79440000
331,64.41740246136983,4.531275176902612,-0.018445902000704183,-61.12746810913086,-66.10760498046875,-157.00564575195312,73.48118591308594,79680000
332,64.46854157765706,4.318616958757241,-0.018641577233713635,-66.80911254882812,-69.6477279663086,-142.91958618164062,88.96678924560547,79920000
333,64.51541985829671,4.399623984396458,-0.017654920980835414,-67.52557373046875,-67.66558074951172,-154.61749267578125,59.19200134277344,80160000
334,64.5628173605601,4.352851384580135,-0.01731329587254701,-63.29822540283203,-65.74495697021484,-138.5263671875,82.41273498535156,80400000
335,64.59995580673218,4.659779861172041,-0.01770311801850224,-65.47338104248047,-69.67577362060547,-149.76614379882812,57.12198257446289,80640000
336,64.62896531740824,4.824467246035735,-0.017655514943638005,-59.80904006958008,-63.24459457397461,-136.5685272216797,49.70458221435547,80880000
337,64.660064757665,4.691318725148837,-0.01812676390003465,-62.60490417480469,-65.25020599365234,-156.8741455078125,52.092041015625,81120000
338,64.68293531417847,4.4598692560195925,-0.018310288811562714,-66.7298812866211,-67.09019470214844,-153.1317596435547,57.99089050292969,81360000
339,64.70268288294474,4.52978840559721,-0.018682366754211064,-64.8278579711914,-66.49580383300781,-149.9310302734375,51.93013000488281,81600000
340,64.72193379720052,4.437663507759571,-0.018568616536437994,-64.1160659790039,-69.0269546508789,-145.30014038085938,69.68498229980469,81840000
341,64.73934927622477,4.655750000079473,-0.017134530034833517,-62.127830505371094,-63.81926345825195,-136.4333953857422,42.05542755126953,82080000
342,64.76832573890687,4.830576318899791,-0.016620838209601817,-63.989315032958984,-66.16358184814453,-144.9942626953125,50.053863525390625,82320000
343,64.81326020240783,4.744300503134728,-0.01748418600742468,-63.93364715576172,-66.43364715576172,-156.22467041015625,31.594913482666016,82560000
344,64.87029000282287,4.790085642238458,-0.01743220937317195,-62.10184097290039,-64.7668228149414,-150.97474670410156,117.92477416992188,82800000
345,64.92345739682516,4.718640576998393,-0.018326586727628373,-58.71550750732422,-58.08967590332031,-145.48117065429688,39.99564743041992,83040000
346,64.9706335957845,4.396353275279204,-0.018532624602693584,-70.03246307373047,-73.16226959228516,-154.38662719726562,24.55258560180664,83280000
347,65.01161322593688,4.98733871926864,-0.017804975582636568,-60.31415939331055,-62.39472579956055,-139.04237365722656,67.1563491821289,83520000
348,65.05664599100749,4.7237406503160795,-0.018091904640035638,-60.96759796142578,-64.86747741699219,-154.62240600585938,83.36296844482422,83760000
349,65.08996203104655,4.769596981505553,-0.018485376970415548,-64.32857513427734,-65.48651885986328,-153.5140380859375,47.65620040893555,84000000
350,65.14953616778055,4.752165583173434,-0.01915918069895118,-65.82203674316406,-69.50975036621094,-143.65191650390625,84.36156463623047,84240000
351,65.20085863113404,4.479521146615347,-0.017315540434377302,-64.87867736816406,-69.55013275146484,-139.05767822265625,133.7927703857422,84480000
352,65.23628312110901,4.5265326315164565,-0.018969968501060825,-63.20834732055664,-62.07205581665039,-153.36842346191406,26.30147361755371,84720000
353,65.2752031548818,4.435398437678814,-0.018034081136751562,-64.33546447753906,-67.22919464111328,-145.30323791503906,26.05484390258789,84960000
354,65.3069037882487,4.551449470718702,-0.01750398209784483,-61.10938262939453,-62.187320709228516,-144.4120635986328,47.364013671875,85200000
355,65.33264839808146,4.401096587876479,-0.018589175221635137,-65.80828094482422,-71.56172180175781,-164.44869995117188,42.13167190551758,85440000
356,65.38413342793783,4.565950680573781,-0.018040615730875138,-63.350711822509766,-61.62715148925781,-154.2782440185547,23.696016311645508,85680000
357,65.42888101259868,4.4737554797530175,-0.018428731125930728,-65.5400161743164,-69.81349182128906,-157.2611846923828,30.853429794311523,85920000
358,65.45652439753215,4.447281464636326,-0.018001050274274916,-61.651493072509766,-65.7425537109375,-152.43653869628906,39.87200164794922,86160000
359,65.4924553902944,4.581340674857299,-0.01844983144618406,-65.31141662597656,-67.66695404052734,-136.41165161132812,35.391815185546875,86400000
360,65.542498254776,4.587880539298058,-0.017705679019069092,-63.091678619384766,-65.33746337890625,-150.14657592773438,41.382911682128906,86640000
361,65.5906564203898,4.318153872887294,-0.01860540254569287,-67.306884765625,-65.6016616821289,-141.3767852783203,12.606932640075684,86880000
362,65.62758242925008,4.468810459276041,-0.018295376087748234,-63.86197280883789,-64.56895446777344,-141.62075805664062,69.26264953613281,87120000
363,65.65312150319417,4.7650443523128825,-0.017315983216690676,-58.7606315612793,-62.23765563964844,-137.92144775390625,94.39957427978516,87360000
364,65.68677114486694,4.600901598930359,-0.01814866044646711,-61.44680404663086,-64.8976821899414,-143.11878967285156,60.8537712097168,87600000
365,65.71626021385192,5.088909665644169,-0.01725416991882715,-63.5636100769043,-63.789764404296875,-149.1604461669922,41.87401580810547,87840000
366,65.74689136823018,4.804113650023937,-0.01799061456299872,-61.85368347167969,-67.41938781738281,-153.889892578125,80.77073669433594,88080000
367,65.7912704372406,4.871775970359644,-0.017619051899922245,-59.8050422668457,-62.96855163574219,-149.28709411621094,84.16615295410156,88320000
368,65.83139090538025,4.386678167482217,-0.01877234962104353,-67.06533813476562,-71.43769836425781,-153.23204040527344,50.81007385253906,88560000
369,65.85009363810221,4.621481043597062,-0.017964977814772284,-60.56472396850586,-63.90271759033203,-131.73435974121094,52.106544494628906,88800000
370,65.86675358772278,4.601618300477663,-0.018533634586760144,-61.23862838745117,-64.68060302734375,-122.68989562988281,36.91969680786133,89040000
371,65.89603474617005,4.615198701123396,-0.018151389871851126,-60.90919876098633,-61.962547302246094,-129.81893920898438,46.475372314453125,89280000
372,65.93701521873474,4.521070362826189,-0.01770602275314559,-60.989784240722656,-64.54137420654297,-153.5861053466797,55.57154083251953,89520000
373,65.9801084804535,4.778172978063425,-0.017097676691156114,-60.42353439331055,-62.311683654785156,-128.2649688720703,129.6772918701172,89760000
374,66.04305771509806,4.395699888269107,-0.018272794941857077,-62.876731872558594,-66.01104736328125,-149.2449951171875,57.65017318725586,90000000
375,66.1007690970103,4.33597110281388,-0.017386050501641725,-63.76168441772461,-64.65689086914062,-153.7514190673828,84.11865234375,90240000
376,66.13617391904195,4.424849251806736,-0.017776274597895658,-64.84331512451172,-66.42889404296875,-131.12689208984375,22.965124130249023,90480000
377,66.18431181589763,4.555372068981329,-0.017613825971065276,-60.5444221496582,-64.62232971191406,-145.0504913330078,58.12692642211914,90720000
378,66.24808612823486,4.71391765832901,-0.017459005759994685,-62.5908088684082,-63.41799545288086,-154.14231872558594,72.5774917602539,90960000
379,66.31248501459757,4.601063487827778,-0.018440482147921104,-59.27993392944336,-63.29050827026367,-135.44398498535156,59.39651107788086,91200000
380,66.36783142089844,4.5572937114040055,-0.018242338104051896,-65.51244354248047,-66.12516784667969,-170.12611389160156,36.440940856933594,91440000
381,66.41091633796692,4.687296292086442,-0.017582762270737552,-61.90013122558594,-62.24357986450195,-151.4937744140625,64.56427764892578,91680000
382,66.44143007596334,4.531147476037344,-0.0187230137191879,-64.06005096435547,-66.31932067871094,-132.83262634277344,59.389766693115234,91920000
383,66.49982131958008,4.504213704764843,-0.018045774323325835,-62.490360260009766,-67.80487823486328,-146.27601623535156,37.97288513183594,92160000
384,66.5462558110555,4.413207370142142,-0.018176606296121917,-65.01851654052734,-70.68036651611328,-162.92245483398438,44.269596099853516,92400000
385,66.60358755747477,4.540701968868573,-0.017851666206339586,-64.95769500732422,-71.02935791015625,-153.458251953125,30.409393310546875,92640000
386,66.67161099433899,4.406481334765752,-0.018459162601951108,-68.1854019165039,-72.87096405029297,-150.27700805664062,67.95209503173828,92880000
387,66.71956432660421,4.885674842496713,-0.018224551644062406,-65.5611572265625,-69.41065979003906,-152.34576416015625,60.01291275024414,93120000
388,66.79114623705546,4.503749346633752,-0.018521664899256697,-61.277767181396484,-60.65311050415039,-154.1083984375,31.835060119628906,93360000
389,66.84826793988546,4.680710295538107,-0.01742954203067408,-63.90350341796875,-66.4105224609375,-150.1205291748047,58.45993423461914,93600000
390,66.91130817731222,4.455673608879248,-0.018656167688276555,-65.9164810180664,-68.68733215332031,-156.89393615722656,27.835628509521484,93840000
391,66.98772103627523,4.397938563128313,-0.01824948930936974,-63.9134407043457,-63.1740837097168,-139.89817810058594,26.3018856048584,94080000
392,67.05839159647624,4.484909711182118,-0.01744721875116587,-66.05374908447266,-69.00672149658203,-138.61325073242188,41.653934478759766,94320000
393,67.12342893918355,4.515739428699017,-0.0174851151254317,-62.73643112182617,-68.02483367919922,-133.90382385253906,73.86560821533203,94560000
394,67.18547663688659,4.442690953612328,-0.017822434027962117,-68.22724151611328,-68.57340240478516,-152.47520446777344,31.987768173217773,94800000
395,67.25120164871215,4.456876794993877,-0.018360614102863715,-65.64923858642578,-64.57281494140625,-160.27874755859375,21.474712371826172,95040000
396,67.29880107879639,4.573016835649808,-0.01815830757297287,-65.0024642944336,-68.88713836669922,-142.1366729736328,52.743316650390625,95280000
397,67.34435137430827,4.555038185914357,-0.018304097071251513,-66.984130859375,-67.50690460205078,-140.59524536132812,46.89693832397461,95520000
398,67.38798995018006,4.397637687126795,-0.018905847636019643,-62.874725341796875,-63.60123825073242,-143.44004821777344,36.23884201049805,95760000
399,67.43479859352112,4.29806962321202,-0.01782686402128699,-66.15245819091797,-68.85388946533203,-155.0094757080078,34.078182220458984,96000000
400,67.46954848925273,4.509980830947558,-0.017570669665247795,-66.83329772949219,-70.88041687011719,-161.68666076660156,28.69935417175293,96240000
401,67.51093627611796,4.385043882727623,-0.017006449976054987,-65.36318969726562,-62.70637512207031,-140.25730895996094,37.4958381652832,96480000
402,67.5567358271281,4.31071690350771,-0.017298104202907325,-63.363807678222656,-65.46932983398438,-155.44090270996094,55.41255187988281,96720000
403,67.60765911738078,4.384528707663218,-0.01879737036158076,-67.16123962402344,-68.40239715576172,-141.34788513183594,35.06071472167969,96960000
404,67.6525622622172,4.810609261890252,-0.018537809232690657,-63.60444641113281,-65.92417907714844,-135.36221313476562,11.588815689086914,97200000
405,67.7023743311564,4.64745158235232,-0.018042532119239355,-62.90492630004883,-61.50586700439453,-154.1805877685547,26.14739418029785,97440000
406,67.72618790944418,4.662475326061249,-0.01869742784466401,-67.03519439697266,-71.51020050048828,-155.89154052734375,46.05257034301758,97680000
407,67.76313223838807,4.474341748555501,-0.018057206246699025,-69.97196960449219,-74.63994598388672,-140.04806518554688,41.17422866821289,97920000
408,67.8084048016866,4.543365411361059,-0.017785378147720698,-64.7896499633789,-61.99309539794922,-151.7595977783203,21.065895080566406,98160000
409,67.84970405260722,4.527184531092644,-0.017618313179983146,-63.23268508911133,-65.74193572998047,-150.56744384765625,53.468284606933594,98400000
410,67.89362103462219,4.382094960908095,-0.01847156133860854,-67.71598815917969,-67.75720977783203,-154.2977752685547,22.483291625976562,98640000
411,67.93394214948019,4.514685961206754,-0.018123231169853208,-65.73690032958984,-66.1980209350586,-152.56594848632812,27.205078125,98880000
412,68.0014048798879,4.252060964107513,-0.018663350522690508,-69.50385284423828,-72.9878158569336,-157.3702850341797,26.104429244995117,99120000
413,68.05842788696289,4.458568755785624,-0.019007692352399016,-64.85356903076172,-66.06690979003906,-146.27333068847656,73.44503021240234,99360000
414,68.10893681844075,4.119471877415975,-0.018720479067524137,-65.5464859008789,-65.60205078125,-150.30096435546875,34.08304214477539,99600000
415,68.14850940068563,4.600362446804842,-0.01765109571797448,-66.05815887451172,-66.43449401855469,-154.06011962890625,36.07406997680664,99840000
