update,dist_entropy,value_loss,action_loss,mean_rew,median_rew,min_rew,max_rew,num_steps
0,45.607394479751584,61.3994222164154,-0.030678337220499997,463.6543884277344,426.784912109375,137.6478729248047,1336.5133056640625,600000
1,45.83353228569031,75.63527350616455,-0.012087461250190851,459.0675354003906,423.9151611328125,144.07456970214844,1257.2486572265625,1200000
2,46.05821707407633,78.14477766863504,-0.00756600366146328,453.3004150390625,429.2220153808594,161.6602783203125,1365.9002685546875,1800000
3,46.2645567111969,79.78676511383057,-0.005030451463569307,445.6756286621094,414.2076110839844,142.2167205810547,1079.57861328125,2400000
4,46.45956990687053,80.36049423154195,-0.004746260826344155,448.9915466308594,419.2221984863281,150.77801513671875,1042.580810546875,3000000
5,46.638521752039594,83.88661369196574,-0.005308442309079851,453.654052734375,417.03961181640625,147.5305633544922,1068.184814453125,3600000
6,46.825986808776854,81.7035503171285,-0.00550282587021987,444.0956115722656,425.3370361328125,107.21318817138672,979.2735595703125,4200000
7,47.019804350535075,89.20903257433574,-0.005643776598649083,472.8187561035156,455.5574035644531,140.25802612304688,1284.4674072265625,4800000
8,47.19508748372396,90.79429242833456,-0.005721311222677703,468.3261413574219,439.8490905761719,133.06057739257812,1214.757568359375,5400000
9,47.37693248494466,85.10548223876953,-0.005034398225824892,446.6238708496094,403.82183837890625,114.96051025390625,1079.0269775390625,6000000
10,47.55467836634318,91.2296477057139,-0.005313833239449195,466.03411865234375,442.7925109863281,139.97879028320312,1288.303955078125,6600000
11,47.73846604855855,89.89840348052978,-0.005302821283049373,467.6658935546875,443.1603088378906,159.14776611328125,1150.632568359375,7200000
12,47.904698388417565,83.40486734517415,-0.005448678094331323,443.7608337402344,427.6141357421875,90.92115783691406,1076.3018798828125,7800000
13,48.07336967404684,87.1572798646291,-0.0056827971038730185,455.8544616699219,439.3702392578125,140.5354766845703,1073.9954833984375,8400000
14,48.239421419143675,91.03539717038473,-0.006138186506291656,471.6274719238281,433.7021179199219,166.3589324951172,1271.8358154296875,9000000
15,48.39275900332133,81.74008258183797,-0.006221959588719642,444.01043701171875,416.329345703125,142.97958374023438,1055.7698974609375,9600000
16,48.56310771369934,82.70985864130655,-0.005392452891304553,448.2223815917969,421.7810363769531,133.8627471923828,1072.2269287109375,10200000
17,48.734438154220584,84.16970138804118,-0.005979407917575524,453.9167785644531,429.3456726074219,138.41879272460938,1110.3568115234375,10800000
18,48.88924606513977,83.76064459037781,-0.006099127786666941,454.3904724121094,429.902099609375,146.9010772705078,1229.488525390625,11400000
19,49.046582118352255,91.63430291620891,-0.006354561519670047,475.8930358886719,444.08477783203125,166.2647247314453,1058.9178466796875,12000000
20,49.20702828534444,91.00060256640117,-0.006526524502526475,475.0989074707031,441.6191101074219,114.69889831542969,1171.5283203125,12600000
21,49.36173397254944,92.17391392771403,-0.005971589755853832,473.09576416015625,448.2455139160156,161.8920135498047,1181.0250244140625,13200000
22,49.52518964513143,93.19857623545329,-0.006491880042889003,478.756591796875,448.47869873046875,129.89219665527344,1078.59033203125,13800000
23,49.68294276301066,97.05445125198364,-0.006180504710909721,481.83807373046875,460.0517883300781,157.048828125,1296.8033447265625,14400000
24,49.846921351750694,96.51841648610433,-0.006492827418896771,485.4237976074219,460.6091003417969,130.26626586914062,1273.6712646484375,15000000
25,50.00487193997701,93.42895558420817,-0.00649880113429027,476.062744140625,451.7285461425781,143.60972595214844,1167.3218994140625,15600000
26,50.155982280095415,92.40073875045776,-0.006674863206046287,475.8367004394531,433.91259765625,164.28628540039062,1187.3375244140625,16200000
27,50.317295236587526,89.71220492045084,-0.0063578966312293,468.8811950683594,445.55889892578125,134.46005249023438,1165.15966796875,16800000
28,50.46156497828166,90.09364008903503,-0.006765097283063596,468.3714294433594,443.3460388183594,130.87918090820312,1071.308349609375,17400000
29,50.59340641085307,89.02383586120605,-0.007621102784952654,463.5931396484375,435.6009826660156,147.2286834716797,1144.5859375,18000000
30,50.74802885055542,90.67823597653707,-0.0074657771018260535,466.3728332519531,426.27471923828125,137.38587951660156,1065.74072265625,18600000
31,50.88670320765178,90.72788559595743,-0.006985796665937907,473.0903015136719,433.4097900390625,131.58872985839844,1160.5411376953125,19200000
32,51.046138847351074,85.19761260477702,-0.006733508518762998,457.8687744140625,444.9786376953125,142.78977966308594,1043.66455078125,19800000
33,51.20435200627645,85.16632990964254,-0.00669341225297497,461.6820068359375,435.8488464355469,159.16290283203125,1055.6646728515625,20400000
34,51.341654179255166,89.42871571350098,-0.007310136386224902,470.897705078125,419.9896240234375,138.59825134277344,1391.3328857421875,21000000
35,51.48314739100138,95.29105732345582,-0.006804521145623918,488.5661926269531,451.64935302734375,130.73117065429688,1254.468017578125,21600000
36,51.62429990641276,95.17055571301778,-0.006970434462581504,481.1845703125,441.27752685546875,136.63827514648438,1136.386474609375,22200000
37,51.76297079149882,95.3044053815206,-0.006796413555925786,489.494140625,451.0006408691406,137.63955688476562,1287.3843994140625,22800000
38,51.898835434595746,94.1113873093923,-0.007063543410424169,474.49658203125,438.92962646484375,162.35498046875,1298.6671142578125,23400000
39,52.03956681442261,96.09536525090536,-0.0068661718297618485,492.7698974609375,463.99432373046875,164.50741577148438,1131.2843017578125,24000000
40,52.183561773935956,97.80172137196858,-0.006718656659574966,489.885986328125,452.4104309082031,173.3212127685547,1205.3006591796875,24600000
41,52.332287508010864,98.61044304784139,-0.007031321308385979,498.52294921875,473.0228271484375,143.28384399414062,1190.478515625,25200000
42,52.47336125246684,96.18156700261434,-0.006889480004078829,498.2478332519531,445.6328125,129.48899841308594,1248.4368896484375,25800000
43,52.61362911860148,92.45528607940673,-0.006977885245605269,491.314208984375,466.16253662109375,159.2010955810547,1105.6253662109375,26400000
44,52.73783282025655,96.70511029561361,-0.006498462477950018,494.53204345703125,461.9425964355469,135.8770751953125,1381.8592529296875,27000000
45,52.860337134679156,96.54603398386638,-0.007154946350434936,493.9447326660156,463.251708984375,155.01467895507812,1280.9903564453125,27600000
46,52.99221343930562,98.75903001149496,-0.006775437678059689,506.9900817871094,474.2756042480469,165.49468994140625,1314.0008544921875,28200000
47,53.10704542795817,97.64934040896098,-0.007279533928407735,503.2289733886719,475.95880126953125,138.1494140625,1419.286376953125,28800000
48,53.21932291984558,104.55793895339966,-0.006505968950915909,514.6436767578125,464.6956481933594,160.8656463623047,1326.2178955078125,29400000
49,53.34233710289001,99.47123327445983,-0.007387786474925785,511.1519470214844,486.3939208984375,161.3280792236328,1295.760009765625,30000000
50,53.451531909306844,99.08586478932699,-0.007030349473244921,504.24853515625,468.7929382324219,146.41346740722656,1402.036376953125,30600000
51,53.56629498163859,104.18906806691487,-0.0066759634798886506,518.2319946289062,477.7068786621094,155.3845977783203,1250.3013916015625,31200000
52,53.69822970835368,92.9526924533844,-0.007209675582760004,489.9797668457031,438.98699951171875,161.71095275878906,1311.524658203125,31800000
53,53.814287018458046,96.67535284678141,-0.006787192035268163,504.78228759765625,480.23431396484375,164.31890869140625,1305.6734619140625,32400000
54,53.944913360595706,94.75191850407919,-0.007054488606564405,497.40631103515625,465.23602294921875,166.53036499023438,1256.0997314453125,33000000
55,54.06641877746582,95.42514608891805,-0.007161769052808722,503.0234375,469.4601135253906,150.87054443359375,1362.4139404296875,33600000
56,54.18525596364339,96.47604820378622,-0.006821750659428934,506.0835266113281,481.02642822265625,164.5971221923828,1288.7999267578125,34200000
57,54.29404755401611,96.83292403284709,-0.006671162762743128,511.96319580078125,462.9576110839844,155.92205810546875,1416.7198486328125,34800000
58,54.39870146624247,100.4733799273173,-0.006919782507526899,519.224609375,487.6770324707031,187.67689514160156,1259.202392578125,35400000
59,54.51615229225159,97.45489683914185,-0.006503516610369843,511.79327392578125,482.870849609375,143.2548828125,1240.5762939453125,36000000
60,54.60297128295898,95.0600812218984,-0.006851789755367008,503.2937927246094,465.74713134765625,173.74417114257812,1171.73046875,36600000
61,54.68253381665548,105.82454897435507,-0.007392954150166285,532.7891235351562,497.3589172363281,157.05210876464844,1583.9791259765625,37200000
62,54.796320552825925,104.55708235549926,-0.006852391533525936,534.4733276367188,515.9330444335938,157.23252868652344,1209.2288818359375,37800000
63,54.89352206420899,102.16938830184937,-0.006848739927307217,523.9086303710938,497.85772705078125,149.25738525390625,1244.4866943359375,38400000
64,54.98966554896037,108.12590403366089,-0.006443518605235871,537.2566528320312,502.717529296875,117.90640258789062,1402.9349365234375,39000000
65,55.09247458076477,104.98169068018595,-0.006420618377959575,535.4862060546875,493.34881591796875,142.50022888183594,1249.8248291015625,39600000
66,55.19586832618713,97.1911563428243,-0.006965077999813696,521.407470703125,482.970458984375,192.57949829101562,1162.0142822265625,40200000
67,55.28346471722921,106.6111001332601,-0.006443686568898999,553.0475463867188,514.9208984375,159.96710205078125,1443.9971923828125,40800000
68,55.37423281097412,99.47205185953776,-0.0067678619931139114,531.5780029296875,486.29522705078125,193.9023895263672,1375.60986328125,41400000
69,55.4639426911672,101.99463601175944,-0.006427862653087118,541.06591796875,507.1436767578125,159.87451171875,1544.2994384765625,42000000
70,55.548946289698286,100.59852174250285,-0.006494394478613003,537.9088745117188,492.4314270019531,180.3174285888672,1371.1214599609375,42600000
71,55.64010853004456,106.2276553586324,-0.005895932058948906,554.1843872070312,521.2906494140625,131.2689971923828,1427.87548828125,43200000
72,55.69398894182841,101.1892523612976,-0.00702867158423957,534.7442016601562,483.97509765625,179.27877807617188,1576.8525390625,43800000
73,55.775479535420736,104.01556572087605,-0.006609871472740754,549.53466796875,504.4970703125,174.8998260498047,1290.33984375,44400000
74,55.861745416641234,106.88412274297079,-0.0061271836979687275,559.90087890625,525.8363037109375,172.2833251953125,1329.6024169921875,45000000
75,55.957882127126055,107.89227670669555,-0.005898200795534213,561.7459716796875,520.6656494140625,186.36807250976562,1312.64404296875,45600000
76,56.06116581471761,101.8850164082845,-0.006825034484303614,553.5283813476562,511.4641418457031,188.9864044189453,1461.3076171875,46200000
77,56.14435829353332,109.88200714111328,-0.006028528721990881,575.034423828125,531.8611450195312,195.8813018798828,1369.88525390625,46800000
78,56.210887477874756,111.16269552612304,-0.006611522035207144,577.3440551757812,533.78076171875,182.3469696044922,1442.400390625,47400000
79,56.29115093930562,111.66043512980143,-0.006143074568112146,575.310302734375,531.9082641601562,206.16580200195312,1383.482421875,48000000
80,56.36110952885946,104.38585149637858,-0.00620819652602457,558.5413818359375,518.5244750976562,170.4394073486328,1328.3638916015625,48600000
81,56.43171266555786,111.48744249216716,-0.006064323175107423,577.42041015625,537.168212890625,151.38473510742188,1379.6962890625,49200000
82,56.50241205533346,114.13768844858805,-0.005671520185508295,571.3560180664062,526.10986328125,128.18702697753906,1501.03759765625,49800000
83,56.58167907333374,108.69292209879558,-0.006032041973294933,560.0714111328125,513.4194946289062,195.40423583984375,1414.79541015625,50400000
84,56.6864005947113,108.82274521891276,-0.005715461677590004,570.5984497070312,544.3512573242188,197.28884887695312,1293.4375,51000000
85,56.74969557380676,111.55589468002319,-0.005613395512535505,574.29296875,517.0643920898438,212.91192626953125,1598.344482421875,51600000
86,56.82524995422363,115.71865126800537,-0.005911266190238583,587.102294921875,564.486572265625,212.60894775390625,1434.2283935546875,52200000
87,56.93203396097819,100.66806821441651,-0.005683141774425205,550.2578735351562,507.2461853027344,203.370361328125,1341.8858642578125,52800000
88,57.009199361801144,105.87639906565349,-0.005304439111606977,565.7042236328125,521.7252807617188,196.10877990722656,1308.5457763671875,53400000
89,57.101419408798215,100.80482688903808,-0.005651591358799843,554.401123046875,510.5279235839844,214.14337158203125,1415.1390380859375,54000000
90,57.15361037890116,105.62152344894409,-0.005853026057867207,569.5296630859375,515.0325317382812,133.930419921875,1473.6544189453125,54600000
91,57.20477471351624,112.40753205108642,-0.006108716454259441,583.9016723632812,547.8427734375,201.2321319580078,1396.3392333984375,55200000
92,57.28856145604451,108.43484888839721,-0.0057668112071176175,569.6167602539062,527.5875244140625,198.65505981445312,1599.95947265625,55800000
93,57.36501747449239,113.07930372746786,-0.005429155799377441,587.6593627929688,549.656982421875,193.8151092529297,1377.9166259765625,56400000
94,57.455731374104815,110.78523547363281,-0.0050366325071824845,571.6897583007812,518.9759521484375,182.47584533691406,1517.3516845703125,57000000
95,57.55145196533203,114.6957911453247,-0.005405449199208533,595.7222900390625,553.5994873046875,221.82334899902344,1390.6807861328125,57600000
96,57.60755898666382,117.5591142171224,-0.005395478380906146,599.1372680664062,572.9439697265625,186.56735229492188,1356.3089599609375,58200000
97,57.67575926399231,111.51922649637858,-0.004996704710995801,590.5835571289062,534.1319580078125,236.29420471191406,1437.46728515625,58800000
98,57.745068398157755,110.39282690175375,-0.005266406426531982,582.2681884765625,527.8577880859375,172.3502655029297,1608.67724609375,59400000
99,57.82082065963745,117.8663870010376,-0.004870771643983479,606.4869384765625,562.7647705078125,209.260986328125,1674.3125,60000000
100,57.882919402440386,113.49509627024332,-0.005129420429123456,593.7932739257812,563.4349365234375,189.32826232910156,1337.091552734375,60600000
101,57.91179966990153,117.25355115381876,-0.0060342264228738715,602.9708862304688,555.9520874023438,195.73687744140625,1781.5811767578125,61200000
102,57.95339092763265,120.33933013916015,-0.005354379822762743,611.0292358398438,556.2077026367188,163.9582977294922,1395.4033203125,61800000
103,58.04218059857686,120.30837432352702,-0.004928837711219899,606.7374877929688,574.3530883789062,190.55520629882812,1508.7293701171875,62400000
104,58.13926204617818,110.08229181289673,-0.00509577187463583,583.04296875,537.4822998046875,170.90719604492188,1370.3270263671875,63000000
105,58.216692321777344,118.3652067044576,-0.004800316454413064,606.5374755859375,564.921875,190.74269104003906,1593.9443359375,63600000
106,58.274518876393635,115.43439790217082,-0.005207060941997914,595.8390502929688,554.51953125,164.19818115234375,1328.3502197265625,64200000
107,58.36187163352966,110.48151165390014,-0.005461196674858423,586.6314086914062,531.749267578125,211.6055908203125,1338.530029296875,64800000
108,58.43784408505758,119.01715029144287,-0.00452603448011151,608.6815185546875,564.8045654296875,203.84988403320312,1783.3798828125,65400000
109,58.511041238149005,117.51252265930175,-0.004519585650761959,595.7879028320312,538.9313354492188,204.16622924804688,1550.78466796875,66000000
110,58.616349575678505,109.36006396357219,-0.005062191145667232,579.6739501953125,527.58984375,227.3802490234375,1355.54150390625,66600000
111,58.65514847501119,125.61622006988526,-0.005877354147043358,634.742431640625,589.511962890625,168.0929412841797,1582.0545654296875,67200000
112,58.71489392662048,121.66659726079305,-0.005080560555700079,608.8834228515625,559.65185546875,218.78005981445312,1430.159423828125,67800000
113,58.8090022055308,130.57074003601073,-0.004802373324869715,638.5347900390625,592.4746704101562,196.38026428222656,1470.916259765625,68400000
114,58.91996211624146,114.80044152704875,-0.005309091367649027,593.2503662109375,521.9557495117188,165.14419555664062,1499.994140625,69000000
115,58.96655059432983,123.6270817858378,-0.005184492052461943,620.35107421875,555.7540283203125,226.0648193359375,1487.763671875,69600000
116,59.04821361796061,112.46972549947102,-0.004472659763360753,598.1800537109375,548.820556640625,167.00726318359375,1769.5518798828125,70200000
117,59.12423542467753,117.94525314331055,-0.004427340334940709,603.5972290039062,544.6683349609375,181.67054748535156,1594.0709228515625,70800000
118,59.18581701660156,127.57827013142904,-0.004257094384292865,637.143798828125,576.7857055664062,184.7060546875,1773.892822265625,71400000
119,59.259513823827106,120.07643782933553,-0.004915620923545589,611.804931640625,574.0000610351562,187.98074340820312,1610.6669921875,72000000
120,59.34283569526672,120.24261794789632,-0.004326071579750106,614.864013671875,556.8397827148438,180.88589477539062,1488.2427978515625,72600000
121,59.44119540087382,120.98407052230834,-0.00464716299332387,614.1905517578125,566.5248413085938,218.84320068359375,1505.2760009765625,73200000
122,59.4921090482076,122.19873074976603,-0.00464839377393893,623.8289794921875,551.8931274414062,203.26564025878906,1535.0069580078125,73800000
123,59.561006324132286,120.39975319544475,-0.004550329436224284,617.9476318359375,555.4739379882812,177.3011474609375,1720.1697998046875,74400000
124,59.655499418258664,123.41116193771363,-0.0043363753351513875,628.4343872070312,584.8247680664062,190.59881591796875,1633.5401611328125,75000000
125,59.746884360631306,121.33775155512492,-0.004372342749137867,616.045166015625,563.186767578125,193.57357788085938,1519.2254638671875,75600000
126,59.81211291313171,131.97110641606648,-0.004236519708406074,653.76806640625,619.6895751953125,206.25509643554688,1563.4832763671875,76200000
127,59.8913588886261,127.25796281814576,-0.0038042617256113923,636.076904296875,577.8056030273438,176.14324951171875,1611.7257080078125,76800000
128,59.98300998814901,123.58049254862468,-0.004271830053353824,635.8560180664062,571.7178955078125,190.2996368408203,1652.5628662109375,77400000
129,60.070531220753985,122.1682186495463,-0.0040534487171815575,622.4534301757812,547.9321899414062,209.47174072265625,1648.817138671875,78000000
130,60.16320993804931,118.49908144378662,-0.00439117026981061,602.9384765625,535.786865234375,218.4586639404297,1549.674560546875,78600000
131,60.26386769421895,124.7066504758199,-0.004424260698751671,626.64697265625,565.9425659179688,209.55838012695312,1595.4949951171875,79200000
132,60.349577477137245,118.64799240112305,-0.004595352279562879,607.7052612304688,553.8411254882812,140.78805541992188,1609.579833984375,79800000
133,60.41857906405131,120.8534353090922,-0.004462316158537306,623.0245361328125,564.5502319335938,205.17959594726562,1528.0133056640625,80400000
134,60.482316971460975,124.21228885014852,-0.004326139053005742,623.5404663085938,566.9300537109375,185.94259643554688,1499.3795166015625,81000000
135,60.54723044904073,130.45460452906292,-0.004069395947369666,648.2081298828125,609.7868041992188,207.17576599121094,1574.870849609375,81600000
136,60.62215078608195,127.8708372408549,-0.004193186585556482,649.453369140625,612.5139770507812,232.0977020263672,1721.6119384765625,82200000
137,60.71982962989807,120.11827944056193,-0.004101754754510542,620.425537109375,556.4429931640625,181.8021697998047,1559.029052734375,82800000
138,60.8029339427948,122.58886607869466,-0.00407688756252863,624.0896606445312,562.3983764648438,195.3971710205078,1666.4720458984375,83400000
139,60.89299995867411,119.1760399869283,-0.00394720768440402,611.68603515625,546.6630249023438,210.09410095214844,1625.7559814453125,84000000
140,60.997695873896284,117.87218383789063,-0.003866746950007837,617.2860717773438,563.3565673828125,236.60108947753906,1634.56005859375,84600000
141,61.05991827138265,120.53273318862915,-0.004089512280414358,623.6087036132812,558.3327026367188,209.86119079589844,1646.421142578125,85200000
142,61.12069004631042,122.26896737798054,-0.004265095540249831,626.4298095703125,567.678955078125,176.8399658203125,1821.0184326171875,85800000
143,61.19166219139099,120.20991723124186,-0.003970781855982693,620.9254760742188,581.1183471679688,203.63497924804688,1635.2257080078125,86400000
144,61.281461277008056,122.7388841641744,-0.0038203543157427095,635.0145263671875,584.0317993164062,190.30018615722656,1561.27197265625,87000000
145,61.34523170280457,126.17954794184367,-0.00411057006964965,639.833251953125,588.4492797851562,191.15164184570312,1624.2667236328125,87600000
146,61.416816485087075,131.6192721595764,-0.0037405213858536777,656.3140258789062,617.854248046875,211.38172912597656,1706.171142578125,88200000
147,61.453917109807335,128.10095292917887,-0.004199949552114854,641.6428833007812,573.9771728515625,182.44662475585938,1774.4415283203125,88800000
148,61.54688380241394,121.24330039978027,-0.004189452276304261,615.1316528320312,564.232421875,195.5922088623047,1601.5819091796875,89400000
149,61.62485939216614,134.3135475692749,-0.003972028052804034,653.3702392578125,601.2169189453125,176.2421875,1713.2401123046875,90000000
150,61.70206681442261,122.17722253926595,-0.003792511692278064,619.1375122070312,556.1013793945312,178.1043243408203,1675.7738037109375,90600000
151,61.76743437957764,124.77485669708253,-0.004188378737213118,630.7514038085938,562.417236328125,171.949951171875,1432.619140625,91200000
152,61.84918328158061,129.05079331715902,-0.003682041708484879,647.4795532226562,602.760986328125,238.7916717529297,1679.69580078125,91800000
153,61.90046649805705,126.04013424682617,-0.00415126098856652,631.8411254882812,565.3673706054688,196.9411163330078,1546.0208740234375,92400000
154,61.99436438624064,129.0610190111796,-0.00347221202135186,639.5479125976562,588.6469116210938,220.6139678955078,1585.9990234375,93000000
155,62.084462792078654,129.40287300491332,-0.0038460753732658002,644.6436767578125,591.5623168945312,182.63623046875,1656.9188232421875,93600000
156,62.18367202504476,117.37532654953003,-0.003643135151219487,611.1483764648438,549.4410400390625,220.097900390625,1705.015869140625,94200000
157,62.262722679773965,117.56529701868693,-0.0035439147720415652,609.49072265625,556.3565673828125,212.05894470214844,1468.9742431640625,94800000
158,62.309114141464235,129.80690803654988,-0.004078696694657992,650.688720703125,595.3414916992188,221.48269653320312,1574.8592529296875,95400000
159,62.35930143038432,131.53551183319092,-0.003998749832520616,654.7371215820312,596.881591796875,200.66795349121094,1663.7701416015625,96000000
160,62.42740610440572,126.36207836151124,-0.00374558355976698,638.970947265625,562.6002807617188,204.568115234375,1663.695068359375,96600000
161,62.50007962226868,126.97410434087118,-0.0036885965492022593,636.0958862304688,563.97802734375,196.9116668701172,1804.657958984375,97200000
162,62.584843421936036,126.25862353006998,-0.00353267056105661,633.7178344726562,589.6797485351562,192.10665893554688,1504.2264404296875,97800000
163,62.662002787907916,122.83028255589804,-0.0038375926523657048,630.906005859375,580.041748046875,197.18064880371094,1568.15283203125,98400000
164,62.758283476511636,123.34520945866903,-0.0035267138164525895,624.7937622070312,569.24072265625,219.86929321289062,1680.4261474609375,99000000
165,62.82257070350647,124.58781426620483,-0.003890444924377941,630.4279174804688,562.9541625976562,189.49172973632812,1640.8900146484375,99600000
