update,dist_entropy,value_loss,action_loss,mean_rew,median_rew,min_rew,max_rew,num_steps
0,45.336811060905454,1.605459699401011,-0.02512020659635103,18.306665420532227,19.812484741210938,-42.94382858276367,83.09923553466797,240000
1,45.322568717002866,1.3585513655717174,-0.020177424362428552,15.998802185058594,17.95381736755371,-51.49411392211914,62.50300598144531,480000
2,45.36505638599396,1.3299643709200124,-0.015133919053979905,16.99033546447754,19.075632095336914,-44.51360321044922,74.44380950927734,720000
3,45.40877174854278,1.2010407056286931,-0.010786485325615066,14.922839164733887,15.249966621398926,-50.77460479736328,65.65330505371094,960000
4,45.44980659484863,1.1939164821741481,-0.006422245799500103,16.309757232666016,16.82230567932129,-44.89472961425781,82.71458435058594,1200000
5,45.45550127506256,1.1099101771290103,-0.005479202435768305,15.23828411102295,17.922780990600586,-49.51158905029297,74.03861999511719,1440000
6,45.458300523757934,1.1257257097028195,-0.003889436536979929,17.411502838134766,20.84074592590332,-51.6772575378418,79.57090759277344,1680000
7,45.48839507261912,1.0584920786196987,-0.004598699154443769,16.260740280151367,17.27883529663086,-39.051513671875,82.08435821533203,1920000
8,45.515613516171776,0.9977483770002922,-0.0029655545075039907,18.0693302154541,19.74807357788086,-55.82370376586914,64.76517486572266,2160000
9,45.550319170951845,0.9149796544884642,-0.004181922635587701,16.336965560913086,17.60804557800293,-41.14258575439453,84.87117767333984,2400000
10,45.59217693328858,0.9051859651257594,-0.0033953344433145104,17.310443878173828,18.459070205688477,-40.72571563720703,58.71253204345703,2640000
11,45.6029859383901,0.8381721125170588,-0.0036866170307560727,14.85081958770752,15.28540325164795,-47.35076904296875,71.0592269897461,2880000
12,45.58895338058472,0.7590392799365023,-0.003272854830828843,15.112022399902344,17.828510284423828,-34.604591369628906,64.71368408203125,3120000
13,45.622522808710734,0.7372919476528963,-0.003278598523893142,16.238052368164062,18.03135108947754,-41.383907318115234,67.43751525878906,3360000
14,45.65401971499125,0.6912133135770758,-0.003799879876160427,16.51607322692871,17.64899253845215,-42.091392517089844,82.33528900146484,3600000
15,45.667003628412886,0.652453660176446,-0.004008796572241712,16.42193603515625,16.016576766967773,-35.766780853271484,63.46269226074219,3840000
16,45.670282603899636,0.5978680132081111,-0.00460486055347701,16.62948226928711,19.76478385925293,-37.82982635498047,68.22450256347656,4080000
17,45.71670462767283,0.5408823823494215,-0.005481775354607711,16.873918533325195,17.46356773376465,-36.56519317626953,58.37165069580078,4320000
18,45.741045516331994,0.5542524401719372,-0.0042361342083016024,17.31001853942871,17.885515213012695,-37.146240234375,78.84518432617188,4560000
19,45.75797774314881,0.49346849371368684,-0.004467140743957619,13.397562980651855,11.731919288635254,-44.371673583984375,78.35586547851562,4800000
20,45.76155472437541,0.4670343898050487,-0.005576081847882506,14.248008728027344,14.809327125549316,-39.53453063964844,72.36770629882812,5040000
21,45.73252852598826,0.45997442153592905,-0.00640043571857935,15.407130241394043,16.33636474609375,-39.88551712036133,65.66484069824219,5280000
22,45.71011045773824,0.442608037032187,-0.006845898263894602,15.032249450683594,15.660157203674316,-41.7529182434082,72.70218658447266,5520000
23,45.7074259519577,0.4280870327477654,-0.0062337948063350265,13.889174461364746,16.278545379638672,-52.285179138183594,76.66311645507812,5760000
24,45.70602973461151,0.3833909162754814,-0.0060343055397236375,14.438947677612305,17.061969757080078,-52.44862365722656,85.07597351074219,6000000
25,45.7050066502889,0.40100727484871945,-0.0057792776850832915,17.669797897338867,19.026655197143555,-40.05796813964844,68.80868530273438,6240000
26,45.71612260818481,0.3973877112505337,-0.006196819359626791,16.264955520629883,17.31622886657715,-42.71311950683594,77.26952362060547,6480000
27,45.70772274335226,0.3858562597073615,-0.006974523208797715,15.411189079284668,18.423423767089844,-37.32691192626953,71.17769622802734,6720000
28,45.70819489479065,0.39477747545267144,-0.007256698496371996,16.508617401123047,17.438138961791992,-38.61213684082031,74.69901275634766,6960000
29,45.71772280375163,0.3881145259613792,-0.007600421918160312,14.800640106201172,14.64026165008545,-48.582279205322266,68.4809799194336,7200000
30,45.7488977654775,0.35777994074548286,-0.00675513536642408,17.591249465942383,20.26714324951172,-34.876461029052734,62.912872314453125,7440000
31,45.77133811155955,0.33889221544067066,-0.007300369204645136,14.841296195983887,16.5578670501709,-34.2385139465332,86.41864776611328,7680000
32,45.78380120595296,0.35102744003757835,-0.0077048035232258625,14.827082633972168,16.459165573120117,-46.99992752075195,61.0438346862793,7920000
33,45.817403740882874,0.33337303683782615,-0.008095633837931852,17.61516761779785,18.375873565673828,-43.5828971862793,76.34512329101562,8160000
34,45.84851146697998,0.313873639156421,-0.007813299665059408,14.201865196228027,14.96369743347168,-46.93293762207031,81.3362045288086,8400000
35,45.8744109694163,0.3277005695179105,-0.007979524930500853,13.951723098754883,15.901803970336914,-38.72193908691406,75.89887237548828,8640000
36,45.88472142696381,0.3220238049328327,-0.008548248187338648,15.094088554382324,15.623749732971191,-35.574432373046875,69.64767456054688,8880000
37,45.91377156893412,0.3531666550288598,-0.00852640389854931,17.117979049682617,17.8465633392334,-49.336936950683594,80.02923583984375,9120000
38,45.92268639087677,0.3322417861409485,-0.008427075029664478,13.267017364501953,15.710403442382812,-49.85942077636719,81.23931121826172,9360000
39,45.936620976130165,0.35069996705278755,-0.008930968849264597,16.27385902404785,18.014957427978516,-46.55522537231445,87.45663452148438,9600000
40,45.95980845769247,0.301962067540735,-0.008055333026307968,16.93931770324707,19.65184783935547,-43.70485305786133,67.05711364746094,9840000
41,45.97545329093933,0.32519723640754816,-0.007814301229572796,16.159940719604492,18.146961212158203,-34.95337677001953,68.7867660522461,10080000
42,46.00754265944163,0.33726032728950184,-0.009041849146737823,20.438758850097656,20.2968807220459,-33.70710754394531,70.8478012084961,10320000
43,46.02946846008301,0.30898426825180647,-0.009126116500216691,18.781673431396484,21.24098014831543,-41.029781341552734,73.095703125,10560000
44,46.033123784065246,0.33906740103537836,-0.009405892784456095,18.337074279785156,19.55963134765625,-38.213035583496094,77.36869812011719,10800000
45,46.06500777085622,0.33683481988186637,-0.009163558493734172,16.813310623168945,18.579967498779297,-39.59538269042969,67.84223937988281,11040000
46,46.06919916152954,0.29593297889456155,-0.009669584627064675,13.808855056762695,15.808402061462402,-43.354042053222656,67.65922546386719,11280000
47,46.089432810147606,0.30193644942715764,-0.00886719450804397,17.11102294921875,18.083358764648438,-40.028663635253906,79.0975112915039,11520000
48,46.12442442893982,0.3227124066526691,-0.009389629047904862,17.17327880859375,17.961454391479492,-37.074790954589844,82.38890075683594,11760000
49,46.16601885318756,0.28909600431099536,-0.009619685202984935,17.396148681640625,18.44603157043457,-46.65945816040039,80.77420043945312,12000000
50,46.20118553320567,0.30779391155267755,-0.00972820180752592,16.740825653076172,17.082378387451172,-48.00849914550781,78.35498809814453,12240000
51,46.208951559066776,0.28728677979980904,-0.008508318768512784,15.388825416564941,15.469944953918457,-50.76298904418945,67.94318389892578,12480000
52,46.20298806508382,0.30239228158568343,-0.009795645073938127,16.730541229248047,18.338598251342773,-45.9731559753418,71.20074462890625,12720000
53,46.190779504776,0.30296162540093063,-0.009223285137333524,14.673358917236328,15.63697624206543,-42.31864929199219,76.87528228759766,12960000
54,46.193293787638346,0.2825808526699742,-0.008418840488963516,15.619657516479492,16.094629287719727,-38.671287536621094,63.79306411743164,13200000
55,46.191021412213644,0.3057243018535276,-0.009376633372871765,17.598825454711914,19.85002326965332,-31.996383666992188,67.88738250732422,13440000
56,46.20541340192159,0.2821032002319892,-0.009994494275864933,16.15533447265625,16.92859649658203,-55.856544494628906,67.86795806884766,13680000
57,46.23367671489716,0.2805066776710252,-0.009406006190434748,17.861976623535156,19.071252822875977,-38.20826721191406,70.07494354248047,13920000
58,46.28145465056102,0.25837858611096937,-0.010119090670703865,16.821374893188477,19.19785499572754,-40.900028228759766,63.98963165283203,14160000
59,46.320800396601356,0.29217324128995337,-0.009854953372530985,15.252846717834473,14.598450660705566,-42.0379524230957,81.10611724853516,14400000
60,46.3249272998174,0.28381687748556333,-0.010372513084833675,14.702445030212402,18.70046043395996,-40.579200744628906,63.42435073852539,14640000
61,46.328842514355976,0.28664285035803916,-0.009744875896875177,16.6617431640625,17.405126571655273,-37.339202880859375,64.42408752441406,14880000
62,46.351085081100464,0.27837941750263173,-0.00983339546564821,12.961689949035645,16.55841827392578,-39.645751953125,71.3364028930664,15120000
63,46.356951886812844,0.30103562648097676,-0.010158151232797247,17.165451049804688,18.082042694091797,-41.80772018432617,76.94705963134766,15360000
64,46.354225796063744,0.28572007657339177,-0.010509969645555787,15.046881675720215,17.803058624267578,-40.32455062866211,69.88041687011719,15600000
65,46.34799631754557,0.2887131666392088,-0.010067226024072132,15.765109062194824,15.337944984436035,-48.00870132446289,96.1692886352539,15840000
66,46.36529425779978,0.27798243523885807,-0.009432360592549097,13.904397010803223,14.903312683105469,-47.73902130126953,83.40177917480469,16080000
67,46.3760852654775,0.2625710508351525,-0.009745641283196467,15.072243690490723,16.873207092285156,-44.89161682128906,77.7716293334961,16320000
68,46.377204066912334,0.2829971041964988,-0.00981337485445844,16.501462936401367,17.395105361938477,-42.15111541748047,65.9208984375,16560000
69,46.370935502052305,0.2678439335649212,-0.009944748040779813,13.7963228225708,15.999926567077637,-45.94734573364258,65.86019897460938,16800000
70,46.37753435134888,0.2583301203139126,-0.009760837132583902,12.541546821594238,15.446185111999512,-41.28913879394531,64.9179916381836,17040000
71,46.394981271425884,0.2650452012941241,-0.010318899119264036,14.521517753601074,14.556952476501465,-46.03797149658203,86.27408599853516,17280000
72,46.412919058799744,0.26765157814448076,-0.010038793168376591,17.606109619140625,16.385692596435547,-40.69902801513672,69.65950012207031,17520000
73,46.41498866240183,0.2440465556147198,-0.00938204935334852,15.91851806640625,15.944425582885742,-56.5867805480957,75.12743377685547,17760000
74,46.40622195879618,0.27233742230261365,-0.00987902763904368,16.054628372192383,16.522640228271484,-54.387535095214844,78.67776489257812,18000000
75,46.38797462463379,0.28369486348082623,-0.009675270350179517,14.03421688079834,15.61555290222168,-43.358802795410156,78.28515625,18240000
76,46.39897525787354,0.260262225450327,-0.009334666367061194,16.086660385131836,16.01494598388672,-40.04924011230469,79.1845474243164,18480000
77,46.39170817693075,0.2820334902592003,-0.010446371017343001,16.696998596191406,18.5626277923584,-47.62028884887695,69.87046813964844,18720000
78,46.40978298187256,0.2862330563180149,-0.010203950700289776,15.280536651611328,17.45292091369629,-38.1226921081543,82.53398132324219,18960000
79,46.44447618961334,0.26439316374560196,-0.0101988439567981,17.790491104125977,18.509950637817383,-48.92044448852539,68.67192077636719,19200000
80,46.44772021770477,0.24812687953934073,-0.010095921158940655,16.03761100769043,16.993581771850586,-43.13015365600586,70.46231842041016,19440000
81,46.411301425298056,0.2527367490095397,-0.010077940527377791,12.49427318572998,14.894412994384766,-44.3813362121582,60.89008712768555,19680000
82,46.400022497177126,0.24676177895938356,-0.00891310989022564,18.47372817993164,18.830671310424805,-39.21031188964844,72.36628723144531,19920000
83,46.41397992928823,0.23939059405898055,-0.00903484957646839,16.074665069580078,19.07767677307129,-51.88313674926758,77.82127380371094,20160000
84,46.41220459143321,0.2598326209622125,-0.00982712642075948,17.524438858032227,17.301849365234375,-35.64341354370117,65.34174346923828,20400000
85,46.41123015562693,0.2473037414563199,-0.010085736283235747,16.226078033447266,17.238107681274414,-35.516387939453125,68.86014556884766,20640000
86,46.42808039188385,0.2630997243213157,-0.009576108149935862,15.508233070373535,16.118968963623047,-40.16807556152344,66.0149917602539,20880000
87,46.42875616868337,0.24791569356496135,-0.009969558455131845,16.390846252441406,16.482654571533203,-34.54612350463867,84.62255096435547,21120000
88,46.42539047400157,0.25746847129116457,-0.00965538961170258,19.48499298095703,19.57300567626953,-41.70146560668945,70.6638412475586,21360000
89,46.43933534463247,0.2579743977325658,-0.009843385236495882,18.09051513671875,17.888124465942383,-36.2457160949707,69.29862976074219,21600000
90,46.48008255004883,0.2633564714466532,-0.010435463585762743,18.48482322692871,20.111602783203125,-41.9991340637207,77.99268341064453,21840000
91,46.50098736763,0.26309342904637256,-0.010272637481005707,17.280010223388672,19.171707153320312,-44.868221282958984,79.69929504394531,22080000
92,46.52723805268606,0.2529098884699245,-0.01034444566143217,13.957526206970215,15.678794860839844,-54.48600769042969,69.66688537597656,22320000
93,46.543489988644914,0.24734524164969723,-0.00999191758349904,14.414765357971191,16.050434112548828,-40.327396392822266,69.13203430175781,22560000
94,46.53085570176442,0.24974700508639217,-0.009845222526981084,14.666704177856445,15.951210975646973,-46.07526397705078,80.27437591552734,22800000
95,46.53590475241343,0.2522995224967599,-0.01004593584411547,13.752372741699219,17.371238708496094,-56.415809631347656,68.26336669921875,23040000
96,46.549487860997516,0.2499296908453107,-0.010096717676871094,16.24005889892578,16.934677124023438,-40.742767333984375,76.12691497802734,23280000
97,46.55417347113291,0.2696242213870088,-0.010180447018379689,15.325106620788574,16.86456298828125,-42.44442367553711,70.5099868774414,23520000
98,46.56050054868062,0.25107251727953556,-0.009823374199300001,17.676023483276367,19.919363021850586,-48.965850830078125,66.21114349365234,23760000
99,46.56466504732768,0.2625381746329367,-0.009860887483766116,12.855440139770508,12.42693042755127,-54.79158020019531,78.6155014038086,24000000
100,46.55923860867818,0.24263011836757262,-0.009413691476435513,16.157390594482422,16.814544677734375,-34.092506408691406,68.30997467041016,24240000
101,46.55215313434601,0.24761982309321562,-0.009039720213196082,14.757242202758789,15.41759204864502,-42.32516098022461,68.50074005126953,24480000
102,46.54791370073954,0.2618820898172756,-0.009090063433499532,13.386125564575195,15.264906883239746,-44.116302490234375,78.27769470214844,24720000
103,46.54727418581645,0.24146168469761808,-0.00958948636343474,14.163727760314941,16.890268325805664,-42.46331787109375,81.11502838134766,24960000
104,46.57742957115173,0.24428340677792829,-0.01013764366324627,18.878429412841797,18.571435928344727,-47.17976760864258,79.70752716064453,25200000
105,46.59901940822601,0.24385968035086988,-0.009737531598259465,15.478320121765137,17.5919189453125,-51.13718795776367,61.905399322509766,25440000
106,46.60710199673971,0.24875426311045884,-0.009752343127028334,17.68926239013672,17.68674659729004,-31.46211814880371,66.7546157836914,25680000
107,46.618677291870114,0.24212353668486078,-0.009012884752190378,14.474119186401367,16.146608352661133,-42.01045227050781,73.65637969970703,25920000
108,46.62502615292867,0.23502811912447213,-0.009307304380021671,16.34931755065918,15.858266830444336,-37.58720397949219,77.41602325439453,26160000
109,46.645519965489704,0.23834062996630867,-0.010399938473136293,17.94171714782715,19.449100494384766,-53.95536422729492,78.82495880126953,26400000
110,46.66537079334259,0.25258212997267643,-0.008762109496935865,15.766486167907715,16.48726463317871,-34.376853942871094,63.30226135253906,26640000
111,46.66971836407979,0.24916685876746972,-0.009368140077523133,14.139493942260742,15.985700607299805,-49.160438537597656,69.9759292602539,26880000
112,46.654860486984255,0.2299232822408279,-0.009701765324021495,16.171892166137695,16.285802841186523,-38.52336502075195,75.30722045898438,27120000
113,46.652601362864175,0.2721739564215144,-0.009632426053526615,18.302690505981445,20.958337783813477,-36.39775848388672,65.97771453857422,27360000
114,46.666300735473634,0.22067860102901857,-0.010136416872224647,20.147151947021484,20.229978561401367,-35.670249938964844,64.96836853027344,27600000
115,46.66688315232595,0.23082999957725406,-0.00979790414875538,16.148380279541016,15.884119987487793,-39.56837844848633,76.38494873046875,27840000
116,46.67412632147471,0.25800060741603376,-0.009115579545154257,18.065317153930664,19.010236740112305,-29.620464324951172,78.22869873046875,28080000
117,46.67221381187439,0.2657393624447286,-0.010004637372242844,14.949259757995605,15.027745246887207,-40.162513732910156,75.31845092773438,28320000
118,46.662662232716876,0.24971552269533276,-0.009769805760930221,18.527069091796875,19.568321228027344,-37.8007926940918,75.14315032958984,28560000
119,46.66154454867045,0.25214524315670134,-0.009641279006088344,17.777875900268555,18.300188064575195,-42.5119743347168,60.844024658203125,28800000
120,46.661845165888465,0.2364459034241736,-0.009505146979333858,14.150585174560547,16.290311813354492,-46.5087890625,61.80078887939453,29040000
121,46.66717229048411,0.23004386845976113,-0.009002333424889078,16.192401885986328,16.386707305908203,-39.56903839111328,78.87017059326172,29280000
122,46.66883716583252,0.23034149322658778,-0.009733848497676216,16.857707977294922,17.90987777709961,-45.0813102722168,72.92333984375,29520000
123,46.668782359759014,0.23602787390972177,-0.009902339306246025,15.985342979431152,18.248641967773438,-41.167938232421875,85.09024047851562,29760000
124,46.64242609500885,0.2560336824692786,-0.009568707219399357,18.14719581604004,19.85382843017578,-31.71198844909668,77.70867919921875,30000000
125,46.627535996437075,0.26125564084698755,-0.009446283755666703,17.833927154541016,18.690616607666016,-38.13960647583008,66.7317123413086,30240000
126,46.6351483631134,0.24573335299268365,-0.010105756915570889,17.327852249145508,17.40375328063965,-50.29865264892578,65.8879165649414,30480000
127,46.65043024381002,0.22742483756815393,-0.009493618366535278,15.21994686126709,16.625211715698242,-49.36885070800781,76.98230743408203,30720000
128,46.66615063826243,0.23806841108327112,-0.008886574761840318,13.38351821899414,14.720907211303711,-51.48086166381836,68.3622055053711,30960000
129,46.67541654268901,0.2606870721280575,-0.009722686554161631,13.925786972045898,14.76557445526123,-52.014347076416016,65.48834228515625,31200000
130,46.68791411399841,0.24309210322797298,-0.00938516151681218,13.531774520874023,14.815196990966797,-44.14860916137695,57.86294174194336,31440000
131,46.691688534418745,0.23255144917095702,-0.009560574862851468,17.594642639160156,18.78828239440918,-32.74992370605469,72.32925415039062,31680000
132,46.6762553691864,0.23892164519056677,-0.010626836122254039,17.94499969482422,19.540727615356445,-34.06062316894531,79.08018493652344,31920000
133,46.666477710405985,0.21627132111539443,-0.009183380345120895,14.512885093688965,15.146073341369629,-55.58572769165039,70.08496856689453,32160000
134,46.66454172293345,0.23845529918248454,-0.009404795680349026,13.608054161071777,14.84362506866455,-55.85527038574219,69.09589385986328,32400000
135,46.67019184271494,0.24541631005704403,-0.009512133390874927,18.40594482421875,20.151662826538086,-35.066261291503906,64.17816925048828,32640000
136,46.67648766358693,0.21461888529981177,-0.009941823087816128,15.75046443939209,17.740602493286133,-41.653968811035156,77.59457397460938,32880000
137,46.684518183072406,0.21762371957302093,-0.008985906694356345,16.674558639526367,17.932584762573242,-33.898170471191406,65.99070739746094,33120000
138,46.68925060908,0.21929021621743838,-0.009525277490028353,16.315183639526367,18.43498992919922,-48.88130569458008,69.18062591552734,33360000
139,46.69300549030304,0.22713637807096043,-0.00924535350795774,16.800312042236328,17.636245727539062,-39.94428634643555,68.35075378417969,33600000
140,46.71343421300252,0.22018236634631952,-0.009357671515946702,16.85371208190918,18.471281051635742,-46.8676872253418,67.42329406738281,33840000
141,46.73973879814148,0.23220871434236567,-0.00966717062185694,15.870676040649414,18.502029418945312,-38.381404876708984,69.53716278076172,34080000
142,46.75877985795339,0.21524846321592728,-0.0099503247456308,14.262686729431152,16.79623031616211,-38.939117431640625,70.47246551513672,34320000
143,46.774189716974895,0.23716267394522825,-0.009978666030239463,15.328986167907715,17.391447067260742,-52.25788116455078,72.71482849121094,34560000
144,46.78432535807292,0.2177223489743968,-0.009729422635754569,17.865419387817383,18.120431900024414,-51.7402229309082,77.80352020263672,34800000
145,46.79593119303385,0.2058291609833638,-0.009532037994265564,17.125150680541992,18.85252571105957,-47.7690544128418,67.13134002685547,35040000
146,46.80030113538106,0.24171298588315646,-0.010166888667273876,16.726726531982422,18.498849868774414,-51.00212478637695,69.7267074584961,35280000
147,46.79853059132894,0.23473250051960348,-0.010704604570329745,15.82006549835205,17.993066787719727,-41.71059799194336,66.03112030029297,35520000
148,46.80577941417694,0.2270285784949859,-0.009724495471846239,17.81324005126953,18.9494571685791,-40.6886100769043,81.17407989501953,35760000
149,46.81596741199493,0.20716696808114649,-0.010209667286614526,16.94968032836914,17.259187698364258,-38.19990539550781,80.56538391113281,36000000
150,46.83110863049825,0.22589272720739245,-0.009443119298552271,14.407633781433105,15.999648094177246,-50.25595474243164,64.6920394897461,36240000
151,46.82652471542358,0.23384144760668277,-0.009971356345025413,14.974879264831543,17.236408233642578,-48.51860427856445,68.78648376464844,36480000
152,46.84813719749451,0.22224127121269702,-0.009667537604306477,16.928564071655273,18.465774536132812,-45.01685333251953,69.55760192871094,36720000
153,46.87768672148387,0.22611781937380632,-0.009866479138784143,17.827627182006836,19.147987365722656,-60.05612564086914,65.70792388916016,36960000
154,46.88575543721517,0.22029019999007385,-0.00973179659492871,19.40912437438965,19.4693546295166,-35.86168670654297,69.29532623291016,37200000
155,46.889287215868634,0.2215475188009441,-0.01046787701565942,16.216798782348633,17.137563705444336,-39.578922271728516,72.19111633300781,37440000
156,46.89328518549601,0.21012702494238814,-0.010228734467423237,13.674423217773438,16.0390682220459,-43.72843933105469,86.87512969970703,37680000
157,46.923258266448975,0.2167003702186048,-0.010062265713295725,15.39076042175293,15.171062469482422,-36.578468322753906,66.01435852050781,37920000
158,46.952176988919575,0.22010191140075525,-0.009910444578589856,13.052298545837402,16.351579666137695,-38.022403717041016,56.73604965209961,38160000
159,46.966151819229125,0.20993172673508526,-0.010542549899760114,16.249082565307617,18.076454162597656,-41.480316162109375,64.92524719238281,38400000
160,46.99433763504028,0.2313714611157775,-0.010359325990874217,17.14898109436035,16.47943878173828,-40.11673355102539,76.56100463867188,38640000
161,46.9887706677119,0.23703340334817768,-0.010282586532275673,15.82414722442627,17.875032424926758,-41.184112548828125,70.26554107666016,38880000
162,47.00838389873505,0.22286389120543995,-0.009597608687870055,16.339263916015625,17.632741928100586,-58.70416259765625,84.45702362060547,39120000
163,47.037143535614014,0.21634687289595603,-0.010667405903792162,15.839139938354492,17.136621475219727,-41.242393493652344,72.02733612060547,39360000
164,47.04982151031494,0.23005308081085482,-0.00995083695144937,17.375465393066406,18.762704849243164,-59.39901351928711,69.49602508544922,39600000
165,47.05053109486898,0.22224591936295232,-0.010522102852442572,17.343229293823242,18.65073585510254,-50.69585418701172,74.01148223876953,39840000
166,47.05161836306254,0.21136987747624517,-0.010049210399104898,15.492709159851074,16.422855377197266,-51.476009368896484,62.04571533203125,40080000
167,47.06657581488292,0.2139997958019376,-0.010190787299524497,14.71367359161377,17.14263343811035,-47.21280288696289,66.21626281738281,40320000
168,47.0816610733668,0.22869325215617817,-0.009945132152295363,16.60126495361328,18.168415069580078,-44.08405303955078,68.42547607421875,40560000
169,47.10918068726858,0.2123459748427073,-0.009318888816005332,16.444517135620117,17.047273635864258,-37.59798049926758,72.36295318603516,40800000
170,47.119473274548845,0.20411714653794963,-0.010280051305423967,15.829119682312012,17.38119125366211,-51.357093811035156,75.31351470947266,41040000
171,47.12664508183797,0.2129920973504583,-0.009892626960766695,16.495988845825195,18.101795196533203,-41.10840606689453,67.33610534667969,41280000
172,47.12102371056874,0.23486228873953224,-0.01035061599778904,17.68902015686035,21.38695526123047,-48.8690299987793,71.2839584350586,41520000
173,47.12305952390035,0.2327577810237805,-0.010761672592357361,16.11096954345703,16.900190353393555,-53.52672576904297,66.57559967041016,41760000
174,47.136715569496154,0.2248381062783301,-0.010195665342151584,16.814350128173828,18.57505989074707,-53.5924186706543,77.43519592285156,42000000
175,47.15061504681905,0.23692186917488775,-0.010278037388310016,15.421459197998047,16.589998245239258,-52.42753982543945,81.71707916259766,42240000
176,47.15621176083883,0.2245854227306942,-0.009923491123340683,18.25242042541504,18.823328018188477,-53.8542594909668,68.09542846679688,42480000
177,47.13846272945404,0.20812720898538828,-0.010837598356675925,17.596324920654297,19.841779708862305,-46.43999481201172,63.38494110107422,42720000
178,47.14010536670685,0.22649862229203185,-0.0098305010408626,17.31165885925293,19.7741756439209,-39.132041931152344,78.1266860961914,42960000
179,47.15971605141958,0.2370037231532236,-0.010297823154186763,16.35509490966797,18.65182113647461,-59.80933380126953,61.62316131591797,43200000
180,47.17885743935903,0.21355996412535508,-0.009962793048886549,14.35184383392334,16.891357421875,-48.999176025390625,65.61295318603516,43440000
181,47.186345292727154,0.2024489929402868,-0.010776019371831657,14.261384963989258,16.626462936401367,-31.56584930419922,68.88224792480469,43680000
182,47.1899066845576,0.21293294369553525,-0.010636090388449398,14.447284698486328,15.565556526184082,-41.064491271972656,60.60276794433594,43920000
183,47.19271611054739,0.22575362235307694,-0.010817013508644505,14.684651374816895,16.08539581298828,-33.011505126953125,66.10863494873047,44160000
184,47.178370013237,0.2256042997725308,-0.009798539776556935,14.861639022827148,14.751152992248535,-36.05824279785156,71.96900939941406,44400000
185,47.16516714255015,0.2249882192661365,-0.009995934075043351,15.624897003173828,18.439483642578125,-52.37428665161133,68.68563079833984,44640000
186,47.17097899595896,0.21241775944208105,-0.010383318649260218,18.571056365966797,22.402658462524414,-40.069305419921875,67.5698471069336,44880000
187,47.16727898915609,0.2166941686719656,-0.010180546801978684,13.679784774780273,17.301889419555664,-52.921058654785156,70.19505310058594,45120000
188,47.16018526713054,0.20152540472025673,-0.009797383390095622,16.69624900817871,17.129451751708984,-35.78179931640625,79.6175765991211,45360000
189,47.175635832150775,0.2073803971086939,-0.009508695934155374,13.849894523620605,14.756855010986328,-43.479393005371094,69.57109069824219,45600000
190,47.200019040107726,0.21453411904474098,-0.010447374276212335,12.805038452148438,15.34138011932373,-37.81513214111328,70.0362548828125,45840000
191,47.22079798380534,0.20323053132742644,-0.00981475665960867,15.419036865234375,16.5452880859375,-39.674076080322266,74.23062133789062,46080000
192,47.241173984209695,0.2015525365434587,-0.010216050405657219,14.42849349975586,16.105533599853516,-44.70287322998047,62.1115608215332,46320000
193,47.24286706606547,0.19908851662029822,-0.010199727439785727,16.9007511138916,19.910934448242188,-45.16456604003906,70.64236450195312,46560000
194,47.26728380680084,0.2193297195993364,-0.01048440478733312,19.25342559814453,21.432416915893555,-49.52250671386719,68.26007080078125,46800000
195,47.29805102189382,0.22102679891511798,-0.010013993421952515,14.974846839904785,16.323917388916016,-40.225521087646484,82.10977172851562,47040000
196,47.308512970606486,0.21092138393471638,-0.010503828346001758,16.381162643432617,18.418298721313477,-44.20117950439453,78.011962890625,47280000
197,47.32693803787232,0.2170516967649261,-0.010719588256235207,16.05610466003418,16.98133659362793,-40.30925369262695,69.97360229492188,47520000
198,47.34921419461568,0.20353292793656388,-0.010147364852293018,13.871017456054688,14.474506378173828,-33.85343933105469,69.34671020507812,47760000
199,47.36373067378998,0.20391073889409503,-0.009430392462358175,16.548383712768555,18.418170928955078,-35.73867416381836,63.34138870239258,48000000
200,47.3494947385788,0.2085965681572755,-0.010214480599987232,15.08440113067627,18.469179153442383,-41.707942962646484,69.84164428710938,48240000
201,47.342549076080324,0.21221946395933627,-0.010087859171103447,14.362627983093262,15.967377662658691,-40.74779510498047,66.54356384277344,48480000
202,47.359878641764325,0.2018212117285778,-0.010032781876753157,14.908740043640137,15.300695419311523,-47.00102996826172,71.07221221923828,48720000
203,47.37779725074768,0.20254024868210158,-0.010573576780371545,17.52751350402832,18.50678062438965,-53.83892822265625,62.4436149597168,48960000
204,47.38526507059733,0.215776943427821,-0.009995149468456171,16.910751342773438,17.468854904174805,-34.79435729980469,62.73175811767578,49200000
205,47.4164261341095,0.21513438193127513,-0.009907054729365731,16.365962982177734,17.385385513305664,-55.48360061645508,80.37043762207031,49440000
206,47.4553244304657,0.22628361009682219,-0.010336239944886074,18.713594436645508,22.48693084716797,-49.487831115722656,76.6484375,49680000
207,47.46709709962209,0.21560090621312458,-0.010094682111346304,14.411758422851562,14.412081718444824,-46.838314056396484,64.0475082397461,49920000
208,47.48235092639923,0.21556549072886508,-0.01059081938108837,17.571205139160156,19.139867782592773,-37.029815673828125,69.74522399902344,50160000
209,47.497132074038184,0.21503693781172237,-0.010123118030248103,17.362060546875,18.893766403198242,-39.255550384521484,68.56376647949219,50400000
210,47.48275202274323,0.2138252782635391,-0.010746521122265828,15.595001220703125,17.79294204711914,-52.22311019897461,81.60777282714844,50640000
211,47.46909767786662,0.20747260705257456,-0.009787141773426431,18.185514450073242,19.058134078979492,-48.006107330322266,72.89964294433594,50880000
212,47.47698554039002,0.22319399723783134,-0.01026046044977799,15.6217041015625,18.437307357788086,-37.73674011230469,61.2828254699707,51120000
213,47.50443643252055,0.19706237635264795,-0.01061711637542082,15.106375694274902,13.600193977355957,-42.272457122802734,67.22290802001953,51360000
214,47.51073860168457,0.22023576244090995,-0.010314374536974355,15.48420238494873,17.966054916381836,-55.32537078857422,76.1219711303711,51600000
215,47.524628637631736,0.22634706270570557,-0.010077273044917092,17.411165237426758,17.76164436340332,-41.63763427734375,85.68048095703125,51840000
216,47.5623637453715,0.22337495110929012,-0.010873305662661608,15.64376449584961,16.52082061767578,-50.09218215942383,73.0226821899414,52080000
217,47.58253950119018,0.2181083930035432,-0.010832029760719024,17.427200317382812,18.655929565429688,-39.68518829345703,68.36500549316406,52320000
218,47.57749311447144,0.20460266803080837,-0.010936269385965336,17.181997299194336,18.173654556274414,-37.12199401855469,61.38837814331055,52560000
219,47.57865706284841,0.22554937322313587,-0.011730524441065123,17.472436904907227,20.115787506103516,-55.87377166748047,76.64839172363281,52800000
220,47.576129366556806,0.22460144033655524,-0.011378571613264133,18.70051383972168,19.838298797607422,-56.693214416503906,80.29251098632812,53040000
221,47.587377190589905,0.2119183595230182,-0.01022442220357315,18.006906509399414,19.349756240844727,-41.00109100341797,71.65652465820312,53280000
222,47.59886689821879,0.18463333207493027,-0.010630211371789452,18.15899085998535,18.668169021606445,-52.25431442260742,73.8553237915039,53520000
223,47.608931674957276,0.21629064331452053,-0.010023560147163645,14.805201530456543,18.13416862487793,-38.633583068847656,67.52079010009766,53760000
224,47.61777679125468,0.21246180333197118,-0.010566600812083115,17.355377197265625,17.428218841552734,-36.067691802978516,69.44245147705078,54000000
225,47.633344550132755,0.22171236475929618,-0.010454763020297075,16.530319213867188,17.0878963470459,-45.069374084472656,80.72417449951172,54240000
226,47.646384687423705,0.1999833782451848,-0.010585042798793059,16.494998931884766,17.081361770629883,-42.75864791870117,79.13566589355469,54480000
227,47.65205513795217,0.2072435677734514,-0.010482162498752435,16.324636459350586,17.001506805419922,-42.676692962646484,61.87129592895508,54720000
228,47.65752591768901,0.20233595782270034,-0.010466437712695249,17.19445037841797,17.766340255737305,-50.93470001220703,69.52272033691406,54960000
229,47.66475427309672,0.2164032466399173,-0.010502612067015586,15.327787399291992,18.822755813598633,-47.94258499145508,82.79605102539062,55200000
230,47.66349416255951,0.2135518703609705,-0.0103805604372576,17.72807502746582,17.729665756225586,-34.39766311645508,68.37387084960938,55440000
231,47.7033744541804,0.18765802551371355,-0.011126505537377322,15.386137008666992,15.049484252929688,-47.188682556152344,69.54244232177734,55680000
232,47.74598698139191,0.21132370956862967,-0.011585376863131387,19.4398136138916,21.083078384399414,-47.47413635253906,68.39622497558594,55920000
233,47.76323230107625,0.20379318607350191,-0.010019775597948713,15.11793041229248,18.54242706298828,-38.92896270751953,68.03462982177734,56160000
234,47.78980865637461,0.20387706136330963,-0.0109375154929171,16.662431716918945,18.345855712890625,-39.512908935546875,71.040771484375,56400000
235,47.81471534411112,0.19955615000799298,-0.010302208433293648,15.218053817749023,16.637939453125,-40.70553207397461,83.35047912597656,56640000
236,47.80583253065745,0.20453272185598811,-0.01115933116675895,17.862287521362305,20.434324264526367,-45.34440612792969,65.64791870117188,56880000
237,47.76843583901723,0.2031115063590308,-0.011857990985803327,19.365962982177734,19.2070369720459,-40.26122283935547,83.43838500976562,57120000
238,47.74473982016246,0.22682582459722955,-0.010840167967602005,15.172877311706543,15.833410263061523,-41.49187469482422,77.28349304199219,57360000
239,47.748546314239505,0.19718387415632604,-0.011459816817515787,17.494752883911133,18.37527847290039,-38.95933151245117,78.76441955566406,57600000
240,47.75314256191254,0.21199798996249836,-0.011076534260903373,14.360673904418945,17.748193740844727,-48.352081298828125,60.279563903808594,57840000
241,47.757701565424604,0.20133577938502034,-0.010572724897775363,14.774672508239746,17.74985694885254,-41.763999938964844,63.81673049926758,58080000
242,47.781792041460676,0.18861979897754888,-0.01083576536880552,16.475221633911133,18.80723762512207,-49.52397537231445,73.15497589111328,58320000
243,47.79918484687805,0.20156211925670506,-0.010634020878981876,14.916945457458496,14.906553268432617,-38.809268951416016,60.041648864746094,58560000
244,47.83847323894501,0.19600706384827693,-0.01127670195580265,17.191226959228516,18.215137481689453,-46.04724884033203,60.46416091918945,58800000
245,47.88046633243561,0.23230032285675406,-0.010625624754186068,17.780223846435547,18.328954696655273,-35.635501861572266,70.8275375366211,59040000
246,47.900987243652345,0.19591491140425205,-0.011385410279276585,13.83000373840332,15.383523941040039,-44.61648941040039,77.54782104492188,59280000
247,47.91294349829356,0.20475668729593358,-0.011253640871967339,15.113368034362793,17.930448532104492,-46.86395263671875,79.08187103271484,59520000
248,47.89994021733602,0.19465302772819995,-0.010984628914840566,12.31786823272705,14.514483451843262,-59.8789176940918,70.7248764038086,59760000
249,47.90539388815562,0.2172623054124415,-0.01200495172554838,15.249699592590332,16.563697814941406,-40.92900848388672,68.74053955078125,60000000
250,47.92868152459462,0.18889394492531816,-0.011038729206394654,13.003780364990234,14.910694122314453,-62.226654052734375,61.48971939086914,60240000
251,47.95629041989644,0.20794970606764157,-0.01055820745734195,16.684572219848633,17.46599006652832,-48.85108184814453,69.23541259765625,60480000
252,47.97270554860433,0.21012533139437437,-0.011448549906018003,16.741716384887695,16.98845100402832,-47.2340202331543,82.36621856689453,60720000
253,47.947064188321434,0.17901540752500295,-0.011349145803019383,13.837250709533691,17.528118133544922,-43.80666732788086,65.49871826171875,60960000
254,47.936700967152916,0.20449201747464638,-0.010491848613501133,16.826698303222656,18.47132682800293,-38.44919967651367,78.69013977050781,61200000
255,47.912762128512064,0.1875951814620445,-0.011524397483463721,15.006352424621582,16.966894149780273,-46.24500274658203,65.43326568603516,61440000
256,47.902212503751116,0.19566543117165566,-0.0108623870440897,17.928098678588867,18.718509674072266,-50.694766998291016,69.00957489013672,61680000
257,47.90168336550395,0.19526757094388206,-0.011154932907116593,17.09745979309082,18.071340560913086,-38.074214935302734,67.78475952148438,61920000
258,47.89759315331777,0.17949404008996983,-0.010274789043263012,16.465728759765625,17.44244384765625,-34.78755569458008,68.89705657958984,62160000
259,47.91007180849711,0.19792881477003296,-0.01087909467975578,15.152375221252441,17.164485931396484,-51.41436767578125,85.27731323242188,62400000
260,47.937580962181094,0.19095886124297975,-0.01096614531821236,16.28434944152832,17.481552124023438,-43.0673828125,80.11375427246094,62640000
261,47.96539386749268,0.20668855166062713,-0.011670599875690944,13.778674125671387,16.241802215576172,-48.98094940185547,73.7226333618164,62880000
262,47.98287406126658,0.20168419719363254,-0.010710294540219063,17.164621353149414,18.795392990112305,-42.5638427734375,94.90426635742188,63120000
263,47.99592304706574,0.19453498693803947,-0.010470083137775532,16.46713638305664,16.30309295654297,-50.42219543457031,69.00849914550781,63360000
264,47.99368268807729,0.1943568320851773,-0.01102963410724745,15.226349830627441,15.973254203796387,-36.47990798950195,77.83467102050781,63600000
265,48.01428237756093,0.1940730010656019,-0.011344187277567244,18.279565811157227,18.626327514648438,-43.754241943359375,77.10365295410156,63840000
266,48.0255480893453,0.19212316961648562,-0.011287883358766446,15.465560913085938,15.68134593963623,-51.42404556274414,69.63861846923828,64080000
267,48.03459240118662,0.20211657151579857,-0.01132339849289527,16.487613677978516,19.488079071044922,-41.56316375732422,77.4103775024414,64320000
268,48.04314109484355,0.2039488256784777,-0.011226818327948725,17.154329299926758,19.785419464111328,-45.355716705322266,61.35810852050781,64560000
269,48.05387814044953,0.20194274383286634,-0.011090980121295124,15.496247291564941,18.760557174682617,-46.39339828491211,67.1102066040039,64800000
270,48.078751873970035,0.19264015002797047,-0.011168437807095113,15.025240898132324,15.912689208984375,-48.84060287475586,83.10004425048828,65040000
271,48.10957071622213,0.18008348103612662,-0.011214097230049068,16.123485565185547,15.951461791992188,-41.079097747802734,67.43037414550781,65280000
272,48.123654386202496,0.19441465221966306,-0.011050917329328058,17.2547550201416,19.07666015625,-31.282548904418945,63.05384063720703,65520000
273,48.130306900342305,0.18837674581445754,-0.0111096151895714,16.249908447265625,19.195323944091797,-42.622684478759766,79.28974914550781,65760000
274,48.1352925380071,0.1960348144111534,-0.011141309307668053,15.258649826049805,17.156543731689453,-62.151031494140625,74.8014907836914,66000000
275,48.1373553498586,0.18753685504198075,-0.011515811953223647,19.49050521850586,20.353517532348633,-35.797996520996094,75.21370697021484,66240000
276,48.14761174678802,0.1976654084213078,-0.011502512516941957,16.571149826049805,18.5508975982666,-51.167911529541016,66.42998504638672,66480000
277,48.16958198070526,0.19922802654405436,-0.011076066453199473,15.899267196655273,16.84295654296875,-34.44535827636719,76.91278839111328,66720000
278,48.18287329832713,0.20105895773818094,-0.01100879172209261,15.421076774597168,16.918642044067383,-43.236480712890625,76.51957702636719,66960000
279,48.18128702322642,0.1911294205766171,-0.01100302245942127,16.23255157470703,17.691984176635742,-40.64007568359375,76.54511260986328,67200000
280,48.20311651070913,0.1955969818867743,-0.0116151785025689,19.90319061279297,22.62266731262207,-44.081512451171875,86.74540710449219,67440000
281,48.20973361174266,0.20938756053646407,-0.011357423475747055,20.51310920715332,22.649158477783203,-46.00372314453125,79.28788757324219,67680000
282,48.18151980082194,0.19381163841113447,-0.012352429197987173,16.7380428314209,19.114486694335938,-46.130523681640625,65.20121002197266,67920000
283,48.17977382183075,0.2032375643091897,-0.011769766431278679,12.58066177368164,13.584354400634766,-53.3447151184082,65.47686767578125,68160000
284,48.17995459397634,0.1919912094095101,-0.011066617981985776,14.229411125183105,15.832959175109863,-51.71665954589844,66.13494110107422,68400000
285,48.18010746320089,0.18781307351775467,-0.011362449209854807,14.771342277526855,15.429101943969727,-40.62798309326172,77.12427520751953,68640000
286,48.18733700911204,0.19098901137088736,-0.010628942127970428,14.368045806884766,14.967036247253418,-60.526912689208984,81.48123931884766,68880000
287,48.208884744644166,0.16765264380102357,-0.011189138730364902,15.228154182434082,14.64473819732666,-39.847530364990234,75.9015884399414,69120000
288,48.24049383004506,0.17794069471148152,-0.01147509867798135,14.672518730163574,15.386710166931152,-34.54496765136719,76.82036590576172,69360000
289,48.2783873462677,0.18833182314100363,-0.012067664241626516,17.38466453552246,18.53159523010254,-54.38094711303711,86.0185546875,69600000
290,48.32128388086955,0.18506964084071417,-0.011115202992882586,20.736413955688477,22.672046661376953,-54.28670120239258,70.08211517333984,69840000
291,48.367108516693115,0.17909854816893736,-0.011443789123337258,17.699932098388672,17.037837982177734,-38.92522430419922,70.41012573242188,70080000
292,48.39408009847005,0.20031720316658416,-0.011328075000657615,16.8171329498291,18.073488235473633,-40.84877395629883,80.75370788574219,70320000
293,48.41805105845133,0.17801394949046273,-0.011134054365455389,13.658499717712402,15.743612289428711,-39.837242126464844,67.97599029541016,70560000
294,48.450510179201764,0.18715137756740052,-0.011797689476080772,16.472463607788086,18.315956115722656,-51.62848663330078,76.34737396240234,70800000
295,48.47858894348145,0.19008068515298268,-0.012552984665699872,17.778804779052734,20.34130859375,-51.757728576660156,63.19881820678711,71040000
296,48.50205264727275,0.19560035406922302,-0.010855403719527802,17.65233039855957,20.828142166137695,-42.037506103515625,79.61915588378906,71280000
297,48.51759190241496,0.1833099748628835,-0.011422555348912103,16.981660842895508,18.935373306274414,-44.79310607910156,67.3148422241211,71520000
298,48.50939361572266,0.16967662367969752,-0.011610371016842768,17.482141494750977,19.02691078186035,-39.64862823486328,83.12994384765625,71760000
299,48.51896186351776,0.18157128798154493,-0.012141402578902595,16.773954391479492,17.026674270629883,-44.795494079589844,78.86571502685547,72000000
300,48.54181072394053,0.19452052862072985,-0.011652945235312776,17.138978958129883,19.167198181152344,-42.40914535522461,68.61002349853516,72240000
301,48.57944226582845,0.19731972896804412,-0.011749515804134868,17.772302627563477,19.728734970092773,-51.07942199707031,82.89228057861328,72480000
302,48.61166276772817,0.19081232029323777,-0.011571585665190771,17.519542694091797,18.585674285888672,-42.691261291503906,82.09349060058594,72720000
303,48.605598052342735,0.1908548771838347,-0.012063636497640194,16.3150634765625,18.890853881835938,-37.85931396484375,77.96339416503906,72960000
304,48.59692415078481,0.18267028784379363,-0.011279914731837369,19.970394134521484,21.517553329467773,-36.751258850097656,64.94732666015625,73200000
305,48.610473267237346,0.17627429683692752,-0.011508597535785156,14.759188652038574,15.27462387084961,-56.2787971496582,74.8995361328125,73440000
306,48.625036064783735,0.18481068973739942,-0.011296315790370338,16.723020553588867,18.061614990234375,-34.882301330566406,65.46949768066406,73680000
307,48.616005857785545,0.16741415380810698,-0.012822988634046245,16.68973731994629,18.91427993774414,-37.55555725097656,66.53816223144531,73920000
308,48.64657056172689,0.18009956006581584,-0.01227078104250457,16.247196197509766,17.70111083984375,-43.69282531738281,71.13440704345703,74160000
309,48.66915168126424,0.17542161939355233,-0.011378240643783405,15.353826522827148,15.862640380859375,-49.760196685791016,64.53824615478516,74400000
310,48.687565647761026,0.17004966030518215,-0.012633185792994179,17.931669235229492,21.14984130859375,-42.03779220581055,64.74778747558594,74640000
311,48.69321550687154,0.18411277318994204,-0.011631545516883838,17.34130859375,18.142148971557617,-43.14763641357422,83.38134002685547,74880000
312,48.70037705262502,0.19225828679588933,-0.011933018679656016,12.740307807922363,14.992216110229492,-54.947021484375,65.13355255126953,75120000
313,48.7329216003418,0.17862660121483107,-0.012188196623001205,17.89440155029297,19.79051971435547,-38.83760070800781,76.2864990234375,75360000
314,48.77483722209931,0.18732052993029355,-0.011987268195154381,18.637331008911133,20.97614288330078,-42.291160583496094,71.66734313964844,75600000
315,48.80669565200806,0.19177436084796984,-0.011906427996121542,18.061885833740234,19.77181625366211,-49.610984802246094,60.9235725402832,75840000
316,48.82144300778707,0.18645532596235473,-0.01178997242658473,15.777698516845703,18.442855834960938,-55.48495101928711,61.418697357177734,76080000
317,48.839916763305666,0.17953035896643996,-0.011919067511091038,16.18267822265625,19.96120834350586,-37.50284957885742,82.9283218383789,76320000
318,48.83952964623769,0.20016867416600387,-0.012155985043574163,13.374147415161133,15.88490104675293,-52.441184997558594,72.41967010498047,76560000
319,48.82446212768555,0.1906069680924217,-0.012069811619185961,18.90613555908203,20.287569046020508,-44.273841857910156,68.0879135131836,76800000
320,48.8210729376475,0.20333272484752038,-0.012134385645462894,17.167856216430664,20.024110794067383,-56.498130798339844,69.15535736083984,77040000
321,48.825258280436195,0.1962946059461683,-0.012339124110863887,18.072778701782227,21.22873878479004,-46.589813232421875,75.35250854492188,77280000
322,48.83724784851074,0.19483256599244972,-0.01205659715215044,20.137054443359375,22.07845687866211,-35.22840118408203,72.15514373779297,77520000
323,48.8483025598526,0.17913724248297513,-0.011845764778870489,13.383769989013672,17.09164810180664,-37.49515151977539,78.30461120605469,77760000
324,48.85333468119303,0.18321525264220934,-0.012231536641097591,17.9500789642334,18.100522994995117,-33.34605026245117,68.1500015258789,78000000
325,48.87276483694712,0.17208844875295956,-0.012087280950704174,16.40850067138672,17.666379928588867,-40.55491256713867,66.03993225097656,78240000
326,48.88743742783864,0.1954856003758808,-0.012468081193839377,15.215691566467285,19.27072525024414,-45.790042877197266,67.33259582519531,78480000
327,48.89331407705943,0.19068661379317442,-0.012464773185675238,17.30662727355957,19.044696807861328,-50.31218719482422,69.6023941040039,78720000
328,48.88194577852885,0.18811219674845536,-0.012349072893184048,14.28042984008789,15.599790573120117,-39.84621047973633,67.72695922851562,78960000
329,48.864888458251954,0.18568476382022103,-0.012895641439479277,13.765695571899414,15.482950210571289,-38.55231857299805,79.25621795654297,79200000
330,48.86965077241262,0.19503421179329355,-0.012048165433589778,16.81263542175293,19.080049514770508,-52.95525360107422,68.09890747070312,79440000
331,48.87866676330567,0.17546198377075295,-0.011992315268980747,18.72203254699707,20.678150177001953,-42.01930618286133,83.9686508178711,79680000
332,48.87986430644989,0.16307096497776608,-0.011979453206075352,13.983622550964355,14.119441032409668,-51.58631896972656,66.88262939453125,79920000
333,48.88983863512675,0.18156166307628155,-0.011789843863936464,15.992087364196777,18.26569938659668,-47.972103118896484,74.13455963134766,80160000
334,48.920923166275024,0.18305194471341868,-0.013095100710334009,18.28578758239746,19.11638069152832,-34.988929748535156,70.12261962890625,80400000
335,48.95490861574809,0.1781211297058811,-0.012456774561544535,19.713497161865234,20.115415573120117,-40.48649978637695,68.28482055664062,80640000
336,48.96930619557698,0.18687358655656378,-0.012569582381806867,17.799787521362305,20.471099853515625,-43.88618850708008,67.8038101196289,80880000
337,48.97337911764781,0.1788594248518348,-0.012039215562522259,15.43447208404541,16.705636978149414,-51.5206413269043,76.69124603271484,81120000
338,48.98382265885671,0.17644550564077993,-0.011665386559164688,15.03225040435791,16.067216873168945,-35.39537811279297,77.71491241455078,81360000
339,48.99269813855489,0.1730620058439672,-0.012604428661407662,16.83004379272461,18.882877349853516,-44.92923355102539,75.61508178710938,81600000
340,49.01666245937347,0.17071774448578556,-0.012689645702201347,14.625802993774414,18.222503662109375,-40.22107696533203,58.51287841796875,81840000
341,49.03440736134847,0.18997033013341327,-0.011998141364952062,16.689037322998047,17.78421974182129,-53.7269401550293,67.5796890258789,82080000
342,49.06209060668945,0.1643368406035006,-0.011976065652396149,16.77327537536621,20.292156219482422,-37.614288330078125,66.92639923095703,82320000
343,49.087349026997884,0.19222364764039715,-0.012744560077662755,17.598358154296875,20.52873992919922,-54.8266487121582,65.03057861328125,82560000
344,49.10192546049754,0.17936859479174017,-0.011923217085744302,16.54096031188965,18.284841537475586,-44.30819320678711,70.92923736572266,82800000
345,49.115347278912864,0.178156729520609,-0.012373815793574371,15.33868408203125,16.898221969604492,-41.34379577636719,77.33614349365234,83040000
346,49.130043438275656,0.1749846445582807,-0.012234710495519418,15.310351371765137,15.98243236541748,-39.12924575805664,72.8373794555664,83280000
347,49.123782879511516,0.1698584350477904,-0.01186932051832874,17.322683334350586,18.150672912597656,-37.44534683227539,60.08586120605469,83520000
348,49.10335366090139,0.1757784900876383,-0.01219637182921114,16.63029670715332,19.724021911621094,-44.483062744140625,58.96278762817383,83760000
349,49.10260565598806,0.17401334221785267,-0.012824299884846369,15.929999351501465,16.847505569458008,-34.028663635253906,74.66264343261719,84000000
350,49.09439066727956,0.1699599434187015,-0.012016204101431262,15.285029411315918,17.775737762451172,-40.33088684082031,67.94577026367188,84240000
351,49.08742414633433,0.1719172758764277,-0.012315167611908843,16.039426803588867,16.767168045043945,-50.921146392822266,62.54840850830078,84480000
352,49.097148095766705,0.18301382954542836,-0.013023067685570879,19.69092559814453,19.57746124267578,-36.27029037475586,79.46369934082031,84720000
353,49.12147314230601,0.1776960293048372,-0.012617788505452646,15.927870750427246,16.319355010986328,-41.30253601074219,63.51118087768555,84960000
354,49.11322899341583,0.1871664645243436,-0.012452761427066814,12.883333206176758,15.157893180847168,-41.263057708740234,69.21302795410156,85200000
355,49.09514831542969,0.1785613287736972,-0.011859790031521697,17.152938842773438,18.794586181640625,-41.521881103515625,68.11641693115234,85440000
356,49.09835398832957,0.17407609190791845,-0.012453041783292065,17.18889045715332,18.745254516601562,-57.74900436401367,83.07905578613281,85680000
357,49.11653314272563,0.18390196893674632,-0.013263738639485231,19.31077766418457,21.822288513183594,-39.664493560791016,77.81124114990234,85920000
358,49.12528557459513,0.18609185818582774,-0.012215818887299671,17.306785583496094,21.103355407714844,-54.55530548095703,62.98723220825195,86160000
359,49.134660749435426,0.17812304612870017,-0.01233239089811633,20.24486541748047,19.931814193725586,-38.072021484375,74.65760803222656,86400000
360,49.147114907900495,0.16978168749871353,-0.012752285450234619,15.40728759765625,16.971202850341797,-41.454566955566406,87.51493072509766,86640000
361,49.14571876207987,0.15430532354861498,-0.013633971534671522,17.559738159179688,19.03860855102539,-42.62376022338867,69.80302429199219,86880000
362,49.16107094446818,0.1727837462288638,-0.012442638532215304,16.132062911987305,18.047948837280273,-43.75628662109375,61.03292465209961,87120000
363,49.173810450236004,0.1689268179330975,-0.012598545465169385,18.868314743041992,22.394058227539062,-50.55705642700195,67.70217895507812,87360000
364,49.20713341077169,0.1704128766991198,-0.012579029212591498,15.832512855529785,17.347261428833008,-42.31963348388672,80.8803482055664,87600000
365,49.23226263999939,0.16355698187525072,-0.011743676141199633,15.431785583496094,17.430519104003906,-47.84229278564453,65.35175323486328,87840000
366,49.246124731699624,0.17548023360781373,-0.012050916051842553,14.101746559143066,16.344655990600586,-46.02569580078125,72.36323547363281,88080000
367,49.265825475056964,0.16741764010240634,-0.012970181451059564,17.350610733032227,19.04398536682129,-42.269561767578125,75.09297180175781,88320000
368,49.28615379651387,0.16259268239450952,-0.012712571437325834,18.208948135375977,19.925060272216797,-40.19055938720703,67.44937896728516,88560000
369,49.29470675150554,0.1878973056251804,-0.012269373525969816,17.116432189941406,17.8528995513916,-43.22779083251953,71.27166748046875,88800000
370,49.28475746313731,0.16291128350111345,-0.012258900432528511,16.568910598754883,19.48554229736328,-46.460208892822266,65.69976806640625,89040000
371,49.267011211713154,0.1725023150537163,-0.012299646175763996,11.44094467163086,15.687793731689453,-44.977298736572266,59.253395080566406,89280000
372,49.265582814216614,0.16432746533304454,-0.012549370107013545,18.74843406677246,19.713485717773438,-50.98754119873047,85.70874786376953,89520000
373,49.274649287859596,0.15812852843043704,-0.011590756884216092,16.93547248840332,19.22032356262207,-49.11104965209961,59.111000061035156,89760000
374,49.282870144844054,0.17999574513485034,-0.012486273690592497,16.72640037536621,17.93222999572754,-31.92857551574707,65.61087799072266,90000000
375,49.29869175752004,0.18069557982186477,-0.012833460567660116,16.143253326416016,19.456985473632812,-45.35612869262695,70.47676849365234,90240000
376,49.29539750893911,0.1667461645696312,-0.01239131240615156,17.98593521118164,18.63818359375,-39.28232955932617,73.22747039794922,90480000
377,49.29412408034007,0.16595965654278794,-0.012970802097681068,15.728690147399902,17.69271469116211,-37.21969985961914,79.01856994628906,90720000
378,49.31063248316447,0.1592508292881151,-0.012219872804288722,16.471487045288086,16.848337173461914,-37.560394287109375,73.92013549804688,90960000
379,49.31728166739146,0.16943750691289702,-0.012838625114313705,15.08025074005127,16.937664031982422,-47.4993896484375,62.69792938232422,91200000
380,49.33884039402008,0.17680056729664406,-0.013884640631284431,16.859619140625,18.754554748535156,-42.5350341796875,77.16985321044922,91440000
381,49.343348692258196,0.1984299967593203,-0.012289776400806052,17.627519607543945,18.867143630981445,-37.568565368652344,72.00371551513672,91680000
382,49.33062031904856,0.16351184154550236,-0.012713983035010373,14.141152381896973,16.833477020263672,-37.96794891357422,68.35187530517578,91920000
383,49.327513861656186,0.15789901275808613,-0.01268954115999539,15.953948974609375,18.04640769958496,-42.86037826538086,61.05419921875,92160000
384,49.347935892740885,0.14787206773956615,-0.012803899401877364,17.099767684936523,18.696426391601562,-41.81001663208008,64.34222412109375,92400000
385,49.351707634925845,0.17223956353962422,-0.012906198922963767,17.394989013671875,18.002338409423828,-39.616729736328125,68.30277252197266,92640000
386,49.34998027642568,0.17444259308589002,-0.012909136275607126,15.32934284210205,17.268802642822266,-38.70356369018555,72.88154602050781,92880000
387,49.35840778509776,0.18020771632902324,-0.013153853185957586,17.027048110961914,20.34609603881836,-36.17333984375,70.83102416992188,93120000
388,49.35848635514577,0.17250645545932153,-0.011666854297154335,17.361772537231445,17.670263290405273,-39.191123962402344,68.69548034667969,93360000
389,49.34847729682922,0.17330529160487154,-0.01282766197965581,14.537995338439941,16.624286651611328,-46.3747444152832,60.079776763916016,93600000
390,49.356804564793904,0.17101913653624554,-0.012882781257026939,17.804441452026367,18.592100143432617,-39.94511413574219,77.0798110961914,93840000
391,49.37178462823232,0.17374842860425513,-0.013807705871504367,17.827953338623047,19.9805908203125,-49.12522888183594,75.3812026977539,94080000
392,49.36966544946035,0.18765790462493898,-0.013133686378713113,13.859108924865723,15.717703819274902,-48.83171844482422,65.43567657470703,94320000
393,49.367738690376285,0.16039198539219796,-0.012963755462346854,16.731964111328125,17.766916275024414,-37.21397018432617,75.59300994873047,94560000
394,49.39333604335785,0.1678976933316638,-0.013746053239177816,18.200830459594727,18.590608596801758,-34.229949951171875,74.09178161621094,94800000
395,49.408265867233276,0.15984019555772344,-0.0125101439410696,17.530805587768555,20.07638168334961,-37.766761779785156,68.78730010986328,95040000
396,49.45285199642181,0.15467333378580708,-0.013491491723519478,15.516867637634277,16.341670989990234,-44.875213623046875,78.04735565185547,95280000
397,49.47859493891398,0.1502791710291058,-0.012799236041924662,11.967377662658691,13.260931968688965,-45.06464767456055,57.2495002746582,95520000
398,49.504538265864056,0.15221515931499502,-0.012969828508843192,12.946805000305176,13.7766752243042,-46.705604553222656,60.84006118774414,95760000
399,49.55185911973317,0.17210552628152073,-0.013106993813964133,15.55834674835205,15.599149703979492,-50.63920211791992,77.32147979736328,96000000
400,49.578236362139386,0.16742363725788892,-0.013253868685841231,17.452465057373047,19.05559539794922,-39.164093017578125,67.19441986083984,96240000
401,49.58477605819702,0.17473149028917154,-0.012830888213376662,13.368090629577637,14.598295211791992,-40.36761474609375,80.94271850585938,96480000
402,49.59552663485209,0.17332002624869347,-0.013546417514523151,18.307968139648438,19.949663162231445,-49.61923599243164,67.35692596435547,96720000
403,49.619555554389954,0.1724802468592922,-0.01329731374589566,16.125301361083984,18.896209716796875,-36.87451171875,60.248470306396484,96960000
404,49.63593627611796,0.161113328707094,-0.012677342820901459,13.943032264709473,16.06863784790039,-48.13552474975586,62.15766906738281,97200000
405,49.64541633605957,0.16946977940388025,-0.012439879784148029,16.989784240722656,18.344282150268555,-40.56204605102539,68.3105239868164,97440000
406,49.64200020154317,0.161682228387023,-0.013122375121480066,15.952162742614746,15.526737213134766,-39.7222900390625,81.3992919921875,97680000
407,49.636821201642356,0.1641696422174573,-0.01244746881434897,17.71263313293457,19.7601375579834,-55.62727355957031,67.26012420654297,97920000
408,49.65505962530772,0.183568005124107,-0.013542503987023337,18.819442749023438,20.656539916992188,-45.57123565673828,65.50526428222656,98160000
409,49.67740164756775,0.1698206649472316,-0.012098585619596255,15.067830085754395,16.226354598999023,-44.675323486328125,64.93966674804688,98400000
410,49.67887809276581,0.1612123149788628,-0.013242301972165174,18.805419921875,21.139034271240234,-44.88978576660156,72.07948303222656,98640000
411,49.683159912427264,0.1558023546418796,-0.01300062588153499,14.63086986541748,16.856067657470703,-38.06418228149414,64.6591796875,98880000
412,49.68339067141215,0.15848895454468825,-0.012535228259879905,15.105219841003418,19.40410614013672,-41.032203674316406,62.70993423461914,99120000
413,49.68728127638499,0.1617765632364899,-0.012539171321040309,16.578845977783203,17.771472930908203,-46.91957092285156,64.24269104003906,99360000
414,49.69626873175303,0.16578351643557349,-0.013409474272501332,17.939966201782227,19.611801147460938,-46.24959945678711,80.14125061035156,99600000
415,49.72794579346975,0.16165220291974644,-0.012992348146011069,15.946999549865723,17.889402389526367,-48.537105560302734,77.86410522460938,99840000
