epoch,ep_recon_loss,ep_kl_loss,ep_perplexity
1,0.21716739653635744,0.020053111492231622,0.0
2,0.07578974782319908,0.002555847550528934,0.0
3,0.04636078813704304,0.0014961784436372846,0.0
4,0.033274189077750815,0.0013744716159260326,0.0
5,0.026845629509356057,0.0009728453681774779,0.0
6,0.02319158117776945,0.000767187879290333,0.0
7,0.020744623934851724,0.0006333482077921885,0.0
8,0.018992637582261676,0.0005227881350616702,0.0
9,0.017653607175981797,0.0004921214433722838,0.0
10,0.01651266016333911,0.0004046770862775187,0.0
11,0.01561088726625426,0.0003733744186739876,0.0
12,0.014806232433049725,0.00035923827008255295,0.0
13,0.014125653723103378,0.0003457829577321597,0.0
14,0.013529832254878695,0.00032043580061396753,0.0
15,0.013015856015515494,0.00028573905400172895,0.0
16,0.012578760430264006,0.0002836913707275792,0.0
17,0.012149688344484625,0.0002563858724007313,0.0
18,0.011757344432448694,0.00023277799517437906,0.0
19,0.011450759421136894,0.00024241721137997473,0.0
20,0.011138085188780475,0.00022988981514585234,0.0
21,0.010876577064924925,0.00021316865103745568,0.0
22,0.011450587200339545,0.00020735290468905192,0.0
23,0.012010068312927207,0.00024871049823763113,0.0
24,0.01268291367678675,0.00018902723119102954,0.0
25,0.013523544921923161,0.00023742864246500416,0.0
26,0.014761861687659618,0.00021959060142342842,0.0
27,0.016195884397659628,0.0002115986297600624,0.0
28,0.016918928791252712,0.00021464138100171724,0.0
29,0.01930286135879456,0.00025283541903568823,0.0
30,0.02072713824910587,0.00022940549102726422,0.0
31,0.024070921107630858,0.00024489398100314676,0.0
32,0.02757292170825714,0.0002951900201478057,0.0
33,0.03150434330471309,0.0003850267928444393,0.0
34,0.03555433742272166,0.0010226303385896282,0.0
35,0.042593116386507805,0.0017865197715967748,0.0
36,0.04541281190268546,0.002637166102176961,0.0
37,0.05312588845112628,0.004261396503047158,0.0
38,0.05862512075284437,0.005543947844614252,0.0
39,0.0679015607800631,0.008587463374277723,0.0
40,0.07539648024208186,0.0130250981799856,0.0
41,0.07227229603409109,0.013764470559829795,0.0
42,0.0701091016587391,0.01394621420753843,0.0
43,0.068244857764868,0.01369133224277114,0.0
44,0.06687220771002446,0.013653592356839673,0.0
45,0.06522636008172107,0.01330989960186636,0.0
46,0.06416736166721529,0.013089203248518906,0.0
47,0.06295668595214862,0.012768435731149193,0.0
48,0.06176679318003891,0.012464337874573518,0.0
49,0.06101496621170179,0.012287188247523931,0.0
50,0.06005319787724224,0.011973476447431628,0.0
51,0.05890846414771582,0.011764134184829403,0.0
52,0.05814959144995587,0.01141359011071345,0.0
53,0.057213768614146704,0.011276637006726464,0.0
54,0.056369885595692844,0.010972559507313458,0.0
55,0.055624167446675546,0.010711099667017922,0.0
56,0.05491150175225335,0.010548978262227615,0.0
57,0.05413149834315006,0.0102154676003831,0.0
58,0.05342720182416342,0.010024767634477157,0.0
59,0.05271821473423926,0.009696214230007808,0.0
60,0.05201726728440523,0.009383669880109309,0.0
61,0.051424757232913954,0.00923395865711618,0.0
62,0.0508977961309264,0.009021254683919235,0.0
63,0.05006270648397088,0.00881337900826149,0.0
64,0.04954474093148263,0.008655331431219673,0.0
65,0.04899469922460335,0.00836946254459143,0.0
66,0.04855434303119017,0.008238004511173397,0.0
67,0.04797062667642746,0.008063793895366012,0.0
68,0.04734154029299954,0.007857625536951138,0.0
69,0.04675862614360111,0.007716180013319302,0.0
70,0.046298383511855244,0.007467981812821366,0.0
71,0.045945626344666916,0.0072788434383026695,0.0
72,0.045357344672083855,0.007109243011349768,0.0
73,0.044932526111329245,0.00698389111257584,0.0
74,0.04440768656460894,0.006817959446971463,0.0
75,0.04399936360333903,0.006583737285556988,0.0
76,0.04332762797158765,0.006372395617481552,0.0
77,0.042980728870814576,0.0061538997157389325,0.0
78,0.04254985733244281,0.006091321565449348,0.0
79,0.04208197881947141,0.005958912202048806,0.0
80,0.04170510298967316,0.005862287690770817,0.0
81,0.04124330728187819,0.005687087063115478,0.0
82,0.04079703756582018,0.0055538799345165235,0.0
83,0.0404812748131987,0.005372546262138725,0.0
84,0.040049527822651775,0.005253474485312086,0.0
85,0.03958020461181837,0.005087215097296871,0.0
86,0.03917761194463526,0.004964175062745376,0.0
87,0.03889311387096173,0.004811449830330358,0.0
88,0.038572491351979085,0.004766967680997832,0.0
89,0.03810196069913421,0.004649378194718319,0.0
90,0.03772386916315955,0.004508280529442892,0.0
91,0.037361851530279835,0.0043954980237622355,0.0
92,0.03699156876541088,0.004220920576050697,0.0
93,0.03661877995457051,0.004115737506056772,0.0
94,0.036190574458748154,0.003975611749283544,0.0
95,0.03594649117022763,0.003940341591508265,0.0
96,0.03557388483440028,0.0038014927167433006,0.0
97,0.03524573586601927,0.0037376982597436778,0.0
98,0.03487798719202051,0.003652861650756982,0.0
99,0.03462808318432075,0.0035658321859599156,0.0
100,0.03425229139364702,0.0034315643281913185,0.0
101,0.03401967152899011,0.0033926061336184126,0.0
102,0.033607405588809085,0.0032454275030298183,0.0
103,0.03332251366785519,0.0032124208693120465,0.0
104,0.033001612351272726,0.0031101051951157965,0.0
105,0.032731396634574535,0.003039114588407667,0.0
106,0.03246433551095986,0.0029322706369810957,0.0
107,0.03209076963741189,0.002861629888690907,0.0
108,0.03182586817371242,0.0028500119139855747,0.0
109,0.031551732706521486,0.002735536185316998,0.0
110,0.03129534666154573,0.0026742062117356235,0.0
111,0.031032293184841103,0.0026448440964416545,0.0
112,0.030796117555729433,0.0025301596413593833,0.0
113,0.030530064185215096,0.0025043411422086353,0.0
114,0.03025669156279825,0.0024366817930452788,0.0
115,0.029993169646306366,0.002389685075343493,0.0
116,0.02974801535158047,0.0023244322529643686,0.0
117,0.02948534104853406,0.0022843454076232426,0.0
118,0.029267885728325643,0.002259394510868848,0.0
119,0.02902168652040304,0.0021720009041158706,0.0
120,0.02881101706823158,0.002170896998574211,0.0
121,0.028552897654777438,0.002081150046601229,0.0
122,0.028361545619534464,0.0020376485652733763,0.0
123,0.028098808757499205,0.0019961303052467203,0.0
124,0.027924098049911632,0.0019541748920505436,0.0
125,0.02773213071868286,0.0019429369852402417,0.0
126,0.027520404303311274,0.0018889792021633133,0.0
127,0.027307401174537747,0.0018789679110710125,0.0
128,0.027121774205071787,0.0018493644633550007,0.0
129,0.026979531900378405,0.001818482453355163,0.0
130,0.026762827558009853,0.001747352322896544,0.0
131,0.02659066457430005,0.0017577258158208342,0.0
132,0.026430325404133558,0.0017249217753424154,0.0
133,0.026267274976785333,0.0017163663090165877,0.0
134,0.026123531533863518,0.001696734968327355,0.0
135,0.02596259090597204,0.0016535499339434146,0.0
136,0.02579021898962857,0.0016351196070842945,0.0
137,0.02568355014629522,0.0016192535310431602,0.0
138,0.02552991561649426,0.001598047919274917,0.0
139,0.02539645962857143,0.0015842666104706861,0.0
140,0.025240729909843662,0.001567493105218867,0.0
