update,dist_entropy,value_loss,action_loss,mean_rew,median_rew,min_rew,max_rew,num_steps
0,45.44805167198181,10.415781962871552,-0.03968209313650428,437.583984375,441.357666015625,289.9457702636719,621.6171875,240000
1,45.56137366135915,10.84891054312388,-0.027703907531165063,436.7187805175781,441.4184875488281,245.09754943847656,620.017333984375,480000
2,45.69371259530385,11.752077405452729,-0.01795107786039921,430.7294921875,430.3438415527344,256.2640380859375,605.2757568359375,720000
3,45.829943000475566,12.927576555808384,-0.012889203569307029,439.24359130859375,439.6802062988281,191.76792907714844,610.7366333007812,960000
4,45.96665833473205,13.264077007373174,-0.013905224761968687,435.89984130859375,432.0635986328125,242.05691528320312,680.6725463867188,1200000
5,46.11035268942515,13.477898009618123,-0.012213502859462247,438.95220947265625,443.1606140136719,236.9281005859375,592.6621704101562,1440000
6,46.261206274032595,14.027934399843216,-0.012498141749088063,437.36944580078125,437.2017822265625,205.26121520996094,624.12646484375,1680000
7,46.40848846912384,14.751515548229218,-0.01078703063713192,428.69464111328125,432.9725341796875,224.03683471679688,653.0116577148438,1920000
8,46.573638143539426,14.914363044500352,-0.01265117111020307,440.36737060546875,438.8740234375,240.70689392089844,673.2428588867188,2160000
9,46.72123493830363,15.00558899919192,-0.012758200634775676,431.2259216308594,429.58038330078125,256.01776123046875,684.8829956054688,2400000
10,46.86503565947215,16.454732356866202,-0.011007144901217316,428.1700439453125,425.1103210449219,260.6780700683594,613.5213623046875,2640000
11,47.038151167233785,16.45420961221059,-0.01183481822388894,441.6208801269531,441.0770263671875,289.998779296875,694.5840454101562,2880000
12,47.18932154178619,16.382478902339937,-0.011040466837233372,435.3001403808594,432.9568176269531,272.9557189941406,653.1072387695312,3120000
13,47.32655223846436,17.191945594946542,-0.012529228778885985,436.3478088378906,435.6698303222656,222.0371856689453,599.44482421875,3360000
14,47.467620412508644,17.165373297135034,-0.01254929413380978,434.41937255859375,433.81634521484375,251.32925415039062,601.0066528320312,3600000
15,47.6087165816625,17.941554350852968,-0.011906153130551047,436.6455078125,434.79913330078125,247.91419982910156,633.2738647460938,3840000
16,47.749117113749186,16.701191424131395,-0.012616440158154774,429.08349609375,426.85467529296875,221.76817321777344,620.1007080078125,4080000
17,47.88097460428874,17.36114026983579,-0.011161210316046588,436.01812744140625,431.80572509765625,276.24737548828125,609.5347290039062,4320000
18,48.01138997077942,17.24672874967257,-0.012123746240222317,434.1533203125,438.1494445800781,191.32289123535156,627.2908325195312,4560000
19,48.157086154619854,17.437008360624315,-0.012577870876286094,434.92303466796875,431.1631164550781,219.71923828125,664.5183715820312,4800000
20,48.26561734199524,18.138903770446777,-0.012148947521579127,438.8908386230469,428.9720458984375,256.5994873046875,679.4379272460938,5040000
21,48.38520171960195,17.16378257274628,-0.013192758583031719,435.48553466796875,436.9469909667969,252.42218017578125,601.46484375,5280000
22,48.501075056393944,18.42769918402036,-0.012079695829811499,425.06500244140625,426.6088562011719,222.06768798828125,611.2623901367188,5520000
23,48.62783866723378,17.474992634057998,-0.013232871519508081,431.7541809082031,433.17559814453125,210.36839294433594,635.6596069335938,5760000
24,48.73714366436005,17.816604597568514,-0.013171984033673425,439.2958984375,441.0166931152344,238.88116455078125,635.0836181640625,6000000
25,48.84847332318624,17.787362399895986,-0.013396295910898364,437.2998046875,432.1871032714844,246.83352661132812,614.3441772460938,6240000
26,48.96409744262695,17.580428978999457,-0.012990791526227289,437.2652893066406,435.7215576171875,249.01173400878906,664.9713134765625,6480000
27,49.081549059549964,17.920511693557103,-0.013168434614668361,438.2572021484375,436.76654052734375,257.4400329589844,625.4824829101562,6720000
28,49.21416062355041,17.877133969068527,-0.013865076719914668,429.3004455566406,425.6501159667969,242.73196411132812,729.4552001953125,6960000
29,49.3150988483429,18.036167352994283,-0.013193184412348652,436.90576171875,435.4893493652344,255.54278564453125,600.7565307617188,7200000
30,49.42133983294169,17.51553317507108,-0.01399999850914412,441.79833984375,442.6182556152344,271.404052734375,682.3920288085938,7440000
31,49.52188981374105,17.981634373664857,-0.013861412306870307,442.6553955078125,440.7377014160156,232.02053833007812,639.3011474609375,7680000
32,49.618040423393246,17.342250565687817,-0.013350230817617994,424.82342529296875,422.6650390625,187.20703125,628.3438110351562,7920000
33,49.72117439270019,18.478940622409183,-0.013401905467682506,429.724609375,432.0091247558594,195.4746856689453,708.454833984375,8160000
34,49.82530871709188,17.956235911448797,-0.013480404275468724,441.8244934082031,439.79949951171875,263.7613525390625,653.3289794921875,8400000
35,49.93885199069977,18.224805451234182,-0.01286377390427134,429.96832275390625,425.0810546875,240.86781311035156,649.1085815429688,8640000
36,50.04547254562378,17.151554210980734,-0.012582505359381078,427.2658996582031,425.1037292480469,255.18609619140625,641.8853149414062,8880000
37,50.13648954709371,17.545024094978967,-0.014426218034922252,428.0185852050781,425.1763916015625,249.91036987304688,712.8878173828125,9120000
38,50.23228464444478,17.57888984123866,-0.015596430659704386,437.8520202636719,439.5414123535156,232.76083374023438,625.1173095703125,9360000
39,50.3288481092453,17.889231905142466,-0.014187193857289155,439.9538269042969,438.34185791015625,262.0557556152344,604.08203125,9600000
40,50.4301043844223,17.336505548556644,-0.013330606187270177,431.603271484375,426.2121276855469,267.53558349609375,600.7301635742188,9840000
41,50.53060232957204,16.996660698652267,-0.01419670241127657,434.8126525878906,434.01959228515625,278.11834716796875,633.8787841796875,10080000
42,50.629533384641014,17.686068388621013,-0.013816222446440006,435.26873779296875,438.2560729980469,270.7502746582031,572.4122314453125,10320000
43,50.72110912005107,18.072682616313298,-0.014487914100024379,433.3888854980469,426.7841796875,245.56192016601562,647.8858642578125,10560000
44,50.80925920963287,17.166911834081013,-0.014535477420581628,436.8172607421875,434.2873840332031,242.68060302734375,626.7821655273438,10800000
45,50.89239141305288,17.46260537703832,-0.015070573863851374,439.1177673339844,433.21734619140625,292.27178955078125,592.2169799804688,11040000
46,50.97441307544708,17.481307517290116,-0.014776865018052376,433.1844482421875,430.94146728515625,219.08209228515625,617.8172607421875,11280000
47,51.06519729296367,18.00305241942406,-0.013283569710329932,432.0321044921875,430.7891540527344,265.99462890625,621.1821899414062,11520000
48,51.147650178273516,17.550256258646648,-0.01341630493091884,437.667724609375,439.6927795410156,265.7301025390625,604.3333740234375,11760000
49,51.22797694683075,17.837518076499304,-0.013809572266413852,435.14569091796875,433.1055908203125,273.5487060546875,650.1649780273438,12000000
50,51.31454182783762,18.5978134171168,-0.015040931055870222,437.00897216796875,435.44842529296875,264.3759460449219,662.3948974609375,12240000
51,51.393584693272906,17.578624387184778,-0.015875543323071877,433.8386535644531,428.2158203125,252.10350036621094,688.1567993164062,12480000
52,51.471977299054466,17.41320301850637,-0.014573946779183491,432.20611572265625,426.1722717285156,264.5945129394531,576.1749877929688,12720000
53,51.54336892127991,17.208103544314703,-0.014168984723742142,442.901123046875,440.33056640625,258.89202880859375,707.364990234375,12960000
54,51.61452275911967,17.38299548506737,-0.014342652605471358,427.1440124511719,422.6678466796875,227.60328674316406,634.8333129882812,13200000
55,51.71373608748118,17.511330836216608,-0.013802063500601586,431.5422058105469,429.820068359375,183.4326171875,601.0737915039062,13440000
56,51.7985240650177,17.77095320979754,-0.013780451922984866,430.9697570800781,423.0682373046875,274.4174499511719,750.7020874023438,13680000
57,51.873768685658774,18.01226964513461,-0.014950331433390905,441.0562438964844,439.804443359375,248.4582977294922,630.7880859375,13920000
58,51.966840300559994,17.43425028880437,-0.014040892600952285,429.60015869140625,430.7945251464844,278.44805908203125,684.1950073242188,14160000
59,52.06417207082113,17.315951249202094,-0.01486684189310078,434.96990966796875,430.7779235839844,266.47650146484375,606.9447631835938,14400000
60,52.13002903779348,17.16779903411865,-0.014335267736213003,426.81695556640625,428.00885009765625,236.53396606445312,617.3978271484375,14640000
61,52.210290075937905,17.25328131000201,-0.014258500752339387,432.1783142089844,429.7231750488281,223.22303771972656,612.1570434570312,14880000
62,52.27173502286275,17.497457967996596,-0.015249918332413775,434.8333435058594,435.0603332519531,273.5090026855469,641.107177734375,15120000
63,52.315076851844786,18.264135995308557,-0.013002733933553827,434.2489318847656,432.74774169921875,261.90460205078125,630.0516357421875,15360000
64,52.387669219970704,17.46489624261856,-0.013131754598535585,428.12005615234375,429.3940734863281,251.64566040039062,575.4446411132812,15600000
65,52.45220628102621,17.30897659301758,-0.014556327141899222,425.0621337890625,424.28192138671875,246.9579620361328,674.6324462890625,15840000
66,52.50059578259786,16.856839251120885,-0.014239662732499407,432.2702941894531,431.27587890625,201.5697479248047,597.5830688476562,16080000
67,52.55581856091817,17.334676483869554,-0.013600551206662885,429.2215576171875,423.78253173828125,261.5952453613281,624.6493530273438,16320000
68,52.61693291346232,17.73954856435458,-0.013785769085593529,437.22857666015625,439.3404235839844,275.3276062011719,650.4598388671875,16560000
69,52.66480756282807,16.8012194387118,-0.013568591647452498,443.1932067871094,443.8979187011719,241.58218383789062,628.0983276367188,16800000
70,52.739375672340394,16.98200307925542,-0.012818571044234091,433.708984375,426.6516418457031,221.69017028808594,640.3831176757812,17040000
71,52.78771880626678,16.61960839867592,-0.013114039303854194,433.0486755371094,427.65576171875,249.48794555664062,657.7344360351562,17280000
72,52.84323515733083,17.595509211222332,-0.01256559236292901,432.8759765625,432.5693664550781,273.4930114746094,641.2188720703125,17520000
73,52.90567590713501,16.9580712946256,-0.011971064374609644,434.8240051269531,436.6606750488281,160.93228149414062,610.6912841796875,17760000
74,52.95963227113088,17.44799824198087,-0.013515806525682213,432.177734375,437.7119445800781,210.24981689453125,670.0895385742188,18000000
75,53.01947876294454,17.181708765824634,-0.014604275557845388,423.3383483886719,419.79571533203125,233.59112548828125,597.8098754882812,18240000
76,53.07084762096405,17.169617572625476,-0.014551449577992344,434.4625549316406,433.7500915527344,177.56153869628906,675.9147338867188,18480000
77,53.13173177560171,17.464688786665597,-0.013795782225806004,429.56341552734375,426.47344970703125,177.73194885253906,633.4193725585938,18720000
78,53.1797563012441,17.44015093803406,-0.01346315543396031,432.9856872558594,435.0942687988281,292.8995361328125,598.1008911132812,18960000
79,53.21745067596436,17.470641619761786,-0.014037371052579602,431.040771484375,431.76165771484375,254.63682556152344,659.109619140625,19200000
80,53.26432097434998,16.948208021322888,-0.015052785761299864,431.0699462890625,430.47882080078125,267.90130615234375,669.7655029296875,19440000
81,53.3265655708313,17.55609587709109,-0.013875477432911225,433.95233154296875,433.5172119140625,251.1835174560547,723.5562744140625,19680000
82,53.36371098995209,17.893674378792443,-0.014410413195992126,438.0501403808594,435.9970397949219,281.7271423339844,597.2694702148438,19920000
83,53.41327947616577,18.595492504437765,-0.014644179785091183,424.8204650878906,425.0238037109375,202.23892211914062,626.185546875,20160000
84,53.46613870938619,17.928863852421443,-0.015674127538486193,421.26409912109375,411.7427673339844,276.60821533203125,612.4317016601562,20400000
85,53.53398845354716,18.086827539602915,-0.013168522954826282,433.8625183105469,434.6042785644531,264.02349853515625,602.1210327148438,20640000
86,53.607088465690616,17.264761932293574,-0.01363459295321879,429.0439758300781,422.1708679199219,254.68946838378906,592.8727416992188,20880000
87,53.67530150254567,17.3162850968043,-0.013494488199924225,435.0926513671875,430.63177490234375,248.29051208496094,734.0059204101562,21120000
88,53.754831597010295,16.307768471240998,-0.012577565153342978,427.2365417480469,426.86865234375,259.2944030761719,598.3226318359375,21360000
89,53.81408308506012,18.06280647555987,-0.014026596750440112,431.816162109375,431.3489990234375,242.42312622070312,581.9623413085938,21600000
90,53.84601488908132,18.120626976887387,-0.014478912286267586,434.6736145019531,432.4787902832031,201.60142517089844,648.954833984375,21840000
91,53.90626482804616,17.496568142970403,-0.013068243055267886,428.122802734375,429.2624816894531,292.7021484375,668.3168334960938,22080000
92,53.98585663318634,17.967779495716094,-0.013187511933927377,431.9396057128906,430.6936950683594,224.31739807128906,648.400390625,22320000
93,54.05042087078095,18.072700966596603,-0.012394812759385256,442.6201171875,436.34417724609375,290.5758056640625,610.0874633789062,22560000
94,54.12663836320241,17.08664461215337,-0.012204703424376552,438.16522216796875,442.9176940917969,259.4792785644531,607.5567626953125,22800000
95,54.19430154959361,16.30691677133242,-0.013726133062215429,434.0397644042969,432.5118408203125,273.64556884765625,680.2958374023438,23040000
96,54.256002028783165,18.392729505300522,-0.013051095142138062,426.33154296875,428.5015869140625,290.4319763183594,582.503662109375,23280000
97,54.32122685273488,16.289879247744878,-0.013199976450619696,431.9914855957031,434.7777099609375,202.24839782714844,580.2649536132812,23520000
98,54.37320874532064,17.319834001461665,-0.013053132609015469,432.02056884765625,427.49859619140625,272.7030944824219,622.227294921875,23760000
99,54.434792858759565,17.78117573618889,-0.01338416162887673,432.06982421875,438.1717834472656,217.19808959960938,576.4482421875,24000000
100,54.49407847086589,18.1660651465257,-0.01300878275252368,431.58245849609375,431.8070373535156,211.32286071777344,637.578369140625,24240000
101,54.54916147391001,16.758329068422317,-0.01238594776661594,423.28326416015625,419.874755859375,279.01031494140625,595.7698364257812,24480000
102,54.59852743943532,17.604694706201553,-0.012758321677519007,436.37530517578125,441.0386657714844,232.45233154296875,626.890869140625,24720000
103,54.651741943359376,18.29230209827423,-0.01217595700128868,426.12640380859375,424.4571228027344,278.1029968261719,626.6160888671875,24960000
104,54.716457867622374,17.567081401348116,-0.013322024157353856,430.5303039550781,433.960693359375,205.6428985595703,594.474365234375,25200000
105,54.75909432729085,17.324382398525874,-0.014313652870151069,426.5895690917969,427.28643798828125,246.20040893554688,625.1268310546875,25440000
106,54.804673719406125,17.28955958724022,-0.013319389749631986,434.4485168457031,439.6446228027344,245.62107849121094,594.435791015625,25680000
107,54.8489074309667,18.186380721728007,-0.012852068994116337,438.0144348144531,442.37109375,229.3650360107422,624.3265991210938,25920000
108,54.87434404055278,17.471486188968022,-0.013404337300715193,428.68170166015625,425.9222717285156,249.2869415283203,566.1835327148438,26160000
109,54.92928111235301,16.931051471233367,-0.01272762071081445,432.3529052734375,427.4623107910156,305.38372802734375,676.8881225585938,26400000
110,54.97220992406209,17.898538427352904,-0.013567070909803268,432.6947021484375,430.4119567871094,241.37828063964844,607.5120239257812,26640000
111,55.018515520095825,16.68321376125018,-0.012428470048727528,434.16241455078125,431.9592590332031,265.4728088378906,586.2462158203125,26880000
112,55.0626973327001,17.72232584476471,-0.013368058616511008,434.3245544433594,432.2701110839844,259.0792541503906,607.5298461914062,27120000
113,55.09125024318695,16.53991005261739,-0.012925317818632417,436.2781982421875,432.92034912109375,225.51824951171875,600.9421997070312,27360000
114,55.133518487612406,17.90666037917137,-0.012646370905516353,431.64007568359375,433.2696838378906,239.02047729492188,631.4637451171875,27600000
115,55.176823202768965,17.687069019476574,-0.012232921626057115,432.8266296386719,433.0994567871094,297.1571350097656,596.1854858398438,27840000
116,55.23177037239075,17.755962671041488,-0.012069666434536733,429.22998046875,425.71893310546875,170.72869873046875,636.3322143554688,28080000
117,55.28523140589396,17.10784570892652,-0.013585165775279316,427.90289306640625,417.8160095214844,250.3782501220703,606.9668579101562,28320000
118,55.33027983983358,17.32167630434036,-0.013449551298738621,431.0306091308594,431.13134765625,265.5093994140625,616.0991821289062,28560000
119,55.38262625376383,17.749007508357366,-0.013576622155547209,435.84521484375,434.5789794921875,267.0537109375,607.5737915039062,28800000
120,55.443026828765866,16.96493625164032,-0.013140609638854054,429.8832702636719,428.4585876464844,226.04931640625,589.5914306640625,29040000
121,55.487556150754294,18.02182196855545,-0.012569007789381127,434.4371032714844,434.4396667480469,275.0840148925781,645.873291015625,29280000
122,55.53580553372701,17.955232913891475,-0.012925208106034916,433.4010925292969,431.7577209472656,223.1575164794922,610.7272338867188,29520000
123,55.57764297803243,17.020047410329184,-0.013017567934180836,432.1042785644531,432.0152587890625,303.205810546875,611.8536376953125,29760000
124,55.605094110171,17.17069560289383,-0.013429839506748257,439.3755798339844,434.66973876953125,247.25265502929688,693.1785888671875,30000000
125,55.63190269470215,18.103502039114634,-0.012966068574229352,431.41552734375,429.70233154296875,257.86297607421875,606.6035766601562,30240000
126,55.65009866555532,17.686254995266598,-0.012561761268054663,426.5115966796875,422.6377258300781,255.75184631347656,650.13818359375,30480000
127,55.68539399941762,17.58204469402631,-0.012807044316608274,433.81268310546875,435.2496643066406,252.05902099609375,580.6514892578125,30720000
128,55.711009146372476,19.00357143878937,-0.013106262514026336,441.4686584472656,436.06097412109375,266.4861755371094,631.9201049804688,30960000
129,55.74784338951111,16.92138055761655,-0.01228130941786579,428.5168762207031,426.59521484375,208.68438720703125,659.842529296875,31200000
130,55.77791629314422,17.376622564792633,-0.01169757242409105,434.9100646972656,443.328369140625,264.9647521972656,581.739013671875,31440000
131,55.821279861132304,17.120815813541412,-0.012915049222161391,431.8655700683594,428.770751953125,249.20700073242188,641.252685546875,31680000
132,55.86561529795329,17.412995814879736,-0.012550217759045003,429.6473083496094,429.5361328125,239.4976806640625,601.96923828125,31920000
133,55.91600217342377,16.835943998495736,-0.012790014397975634,431.7306823730469,430.5622253417969,247.04840087890625,596.7459106445312,32160000
134,55.961884339650474,16.71347256620725,-0.011969450881366205,433.7821044921875,431.4581298828125,237.72254943847656,614.8194580078125,32400000
135,56.01118122418722,17.78651734948158,-0.012350283857686009,425.4708557128906,427.1651306152344,226.53794860839844,623.1583862304688,32640000
136,56.05056577523549,17.061920907100042,-0.013676837547630688,441.3280029296875,437.9114685058594,242.89263916015625,735.0011596679688,32880000
137,56.09213929017385,17.555224086840948,-0.012101803130820864,427.9245910644531,428.346923828125,273.6791687011719,621.38134765625,33120000
138,56.148713326454164,17.843487125635146,-0.011992640374094208,437.3227233886719,436.15582275390625,252.7936553955078,673.7444458007812,33360000
139,56.19314287662506,19.18911307136218,-0.013100136631946573,442.4679870605469,437.47515869140625,288.1875305175781,703.877685546875,33600000
140,56.243886988957726,18.62285756866137,-0.011772209954645613,437.0197448730469,435.63958740234375,271.03851318359375,613.937255859375,33840000
141,56.29240889072418,17.08044370174408,-0.013706546654187452,433.4016418457031,431.802490234375,270.8822937011719,588.2335815429688,34080000
142,56.334949785868325,17.96238101998965,-0.012864568084271468,427.7317199707031,421.38836669921875,257.2712097167969,640.1905517578125,34320000
143,56.38003843307495,17.35827652812004,-0.013065174345644739,436.748046875,435.8536071777344,226.63375854492188,631.8729248046875,34560000
144,56.42531617323557,18.60968798557917,-0.012008181038646626,436.6438903808594,433.6558837890625,231.59732055664062,615.942138671875,34800000
145,56.45994217713674,18.748864574432375,-0.013885686402451636,441.9768371582031,437.1985778808594,221.180419921875,688.1123046875,35040000
146,56.50004048188527,18.45120617389679,-0.012916957800324317,433.5325012207031,434.3990783691406,277.2403869628906,604.530029296875,35280000
147,56.53875267028808,17.606833535432816,-0.013517112403810073,434.5171813964844,439.171142578125,220.86178588867188,604.0777587890625,35520000
148,56.577922266324364,17.29891581018766,-0.013644672335188564,427.44915771484375,427.8424072265625,204.78326416015625,582.641845703125,35760000
149,56.603794466654456,18.464564178387324,-0.013030511818090342,440.8765869140625,435.52899169921875,264.8412780761719,606.6900634765625,36000000
150,56.647016428311666,16.786052009661994,-0.012189103404642765,428.43475341796875,426.89764404296875,269.84161376953125,621.9603271484375,36240000
151,56.68054713090261,18.218994290033976,-0.012575069132229071,435.4163818359375,438.2025451660156,261.519287109375,602.224609375,36480000
152,56.71315484205882,18.383975012699764,-0.012703230194101706,429.3503723144531,421.4697570800781,293.20245361328125,626.1966552734375,36720000
153,56.74990181763967,17.44993259827296,-0.012133611018531762,432.0250549316406,427.27215576171875,287.3476257324219,598.9063110351562,36960000
154,56.776828603744505,17.88994444568952,-0.011860641290735809,426.55194091796875,421.4580078125,280.3080139160156,650.4482421875,37200000
155,56.79457141717275,17.332388042211534,-0.012525758769193278,438.31365966796875,437.28448486328125,264.0248718261719,624.7850341796875,37440000
156,56.81457421302795,17.863205126523972,-0.013008607318896187,425.259765625,423.0816345214844,165.07192993164062,679.8876342773438,37680000
157,56.8587855386734,18.42782859802246,-0.014216660846243248,430.4256591796875,430.725830078125,209.0333251953125,623.6660766601562,37920000
158,56.88732760429382,17.9171155889829,-0.012968304021727212,436.5436096191406,440.3243103027344,244.17941284179688,619.5211181640625,38160000
159,56.92024496555328,18.469389143387478,-0.012530447519319901,435.0908508300781,431.1127624511719,269.6403503417969,603.845458984375,38400000
160,56.98208081563314,17.45496458053589,-0.012679578904616544,429.5093688964844,424.9839172363281,185.4951171875,618.0557250976562,38640000
161,57.03208548227946,17.918575665156048,-0.01314495082996776,439.0979309082031,432.7418518066406,263.7188720703125,664.9835815429688,38880000
162,57.07543067296346,17.08752571384112,-0.012146223273866023,433.2730712890625,431.2839660644531,251.83473205566406,591.0091552734375,39120000
163,57.126124081611636,17.575259762605032,-0.012129082323341056,437.5950622558594,441.19219970703125,222.45066833496094,597.520751953125,39360000
164,57.18667045434316,18.425521695216496,-0.013004445878338895,434.8688049316406,437.3545837402344,235.81346130371094,604.3619384765625,39600000
165,57.24654485066732,16.98109201947848,-0.012546333010939936,426.5184326171875,426.1639709472656,250.81785583496094,616.9697875976562,39840000
166,57.268666240374245,18.300459370613098,-0.011755292644059712,430.7150573730469,426.0035705566406,257.8138732910156,657.0391845703125,40080000
167,57.33342687606812,17.19829908490181,-0.01166296367877616,426.3080749511719,425.13958740234375,279.12628173828125,603.0337524414062,40320000
168,57.38564068953196,17.005497580369312,-0.012972481875610242,424.98846435546875,417.9454650878906,235.3178253173828,656.520751953125,40560000
169,57.42031864960988,17.832663848400117,-0.012931179853528364,429.34991455078125,429.11309814453125,263.512939453125,572.9566040039062,40800000
170,57.46783835887909,18.224846407969792,-0.012302797429122166,427.98370361328125,420.1162109375,275.86187744140625,684.2312622070312,41040000
171,57.527648367881774,17.228505263725918,-0.013126309684876863,422.25445556640625,418.5647277832031,264.9038391113281,625.0894165039062,41280000
172,57.58080701986949,18.532618569930396,-0.012641977573655367,433.95172119140625,436.0291748046875,178.6556854248047,671.1644287109375,41520000
173,57.62027129968008,17.788441767692564,-0.013030193558339913,425.0906066894531,428.0238952636719,180.02369689941406,583.6641845703125,41760000
174,57.65960559844971,17.805891467730206,-0.012444826311367858,426.45928955078125,424.5513610839844,196.9914093017578,607.489990234375,42000000
175,57.70522840340932,18.48336847861608,-0.012090329293670835,436.7102966308594,435.4962158203125,275.56134033203125,618.87158203125,42240000
176,57.74409973144531,17.91443688631058,-0.01220982373527401,426.5931396484375,418.92034912109375,238.0952606201172,606.843505859375,42480000
177,57.78555853366852,17.98426179567973,-0.0131016898322135,441.0233154296875,441.0745849609375,264.6331481933594,656.4093017578125,42720000
178,57.83725953737895,18.619384855031967,-0.010869659906271636,433.34173583984375,436.6253967285156,285.77117919921875,715.4737548828125,42960000
179,57.868256827990216,18.227743530670804,-0.012482480303716556,431.8000793457031,430.490478515625,179.17279052734375,703.3674926757812,43200000
180,57.898390126228335,17.130564590295155,-0.012833542081819664,428.6374206542969,430.38623046875,226.15634155273438,661.74609375,43440000
181,57.954500112533566,17.20203661441803,-0.012239263817511226,426.39178466796875,429.61773681640625,188.3521270751953,600.792236328125,43680000
182,58.019170832633975,17.506352756023407,-0.0104996429992093,434.2626037597656,435.84271240234375,213.50970458984375,602.5368041992188,43920000
183,58.07214358011881,17.144523578484854,-0.012788013717181457,435.0127258300781,437.86920166015625,293.405029296875,583.2711181640625,44160000
184,58.121379680633545,16.86914148847262,-0.012602696307840328,429.87457275390625,425.2903747558594,258.5293273925781,622.8021240234375,44400000
185,58.17407217979431,17.57600093404452,-0.012481657363110799,434.2901611328125,428.7652587890625,281.0758056640625,616.1187744140625,44640000
186,58.239225749969485,16.94689093987147,-0.012416093762264246,436.06536865234375,434.7209167480469,284.5986022949219,619.8261108398438,44880000
187,58.298824895222985,17.310214862028758,-0.011862105424522346,426.6902770996094,424.99359130859375,218.38699340820312,609.14990234375,45120000
188,58.35801888783773,16.65460414449374,-0.01205188688622305,438.46820068359375,433.903564453125,295.25341796875,615.7236938476562,45360000
189,58.41016565322876,18.297835343281427,-0.011713262380763277,427.92108154296875,424.80181884765625,273.6355895996094,590.947509765625,45600000
190,58.47407457033793,17.6191314971447,-0.01276056016638241,430.7031555175781,432.5285949707031,223.85089111328125,633.8379516601562,45840000
191,58.5022168858846,18.160105129877728,-0.012634134990463508,429.044677734375,430.4609069824219,233.1791229248047,634.455810546875,46080000
192,58.5318203163147,18.57760612209638,-0.012063702205300614,432.54498291015625,426.52545166015625,260.4551696777344,680.4451293945312,46320000
193,58.59111703077952,18.581495530605316,-0.012112579385570825,439.1949462890625,438.0392761230469,240.4442596435547,709.031494140625,46560000
194,58.65186250845591,18.616431055466332,-0.011827707611320572,428.73876953125,431.22808837890625,243.97369384765625,625.9008178710938,46800000
195,58.702976199785866,17.435817152659098,-0.012040422496143984,422.9556579589844,421.82757568359375,289.9512634277344,635.6527099609375,47040000
196,58.75500874201457,17.590502297878267,-0.012303821519121811,435.301513671875,429.7113342285156,249.9692840576172,643.296142578125,47280000
197,58.79733741760254,17.553065262238185,-0.011776612004366598,430.6239318847656,431.6923828125,260.9896240234375,588.2257080078125,47520000
198,58.84794915835062,18.642818673849106,-0.012973234054845004,429.2169189453125,427.9485778808594,250.53680419921875,624.8360595703125,47760000
199,58.90328707059224,18.284862739245096,-0.012145454283486288,437.2454528808594,438.1098327636719,272.9660949707031,611.13037109375,48000000
200,58.94274564743042,18.52645243604978,-0.013181333025490573,430.8589782714844,432.97357177734375,238.32835388183594,672.4686279296875,48240000
201,58.99563770612081,17.544289356867473,-0.012855093378117128,429.8341369628906,428.1392517089844,300.42364501953125,594.6494750976562,48480000
202,59.05016673405965,17.407197097937267,-0.012386204996406604,433.1329345703125,437.7628479003906,235.82171630859375,590.2467041015625,48720000
203,59.101374185880026,18.241452540159226,-0.013380599402751917,433.4175720214844,431.20458984375,269.7305908203125,623.5723266601562,48960000
204,59.149262504577635,17.765679284334183,-0.013444872389673547,432.7360534667969,429.697265625,252.62503051757812,633.4395751953125,49200000
205,59.21967434088389,17.896691128810247,-0.012014989135750512,425.4743347167969,421.3653564453125,257.4696044921875,623.4780883789062,49440000
206,59.267081565856934,17.574674321413042,-0.012027514854658866,426.4217834472656,431.16595458984375,254.3814697265625,588.9237670898438,49680000
207,59.29574237028758,18.394378159443537,-0.01323580079263138,431.4572448730469,430.39910888671875,246.14154052734375,626.607421875,49920000
208,59.349447383880616,17.766957321564355,-0.012982008943134199,439.7916564941406,440.1138000488281,275.5332946777344,617.39599609375,50160000
209,59.392363211313885,18.224203595717746,-0.012200594476920705,427.6490478515625,428.4360046386719,252.77462768554688,638.9011840820312,50400000
210,59.44960558096568,16.965861673752467,-0.012474452437772166,423.28375244140625,421.7431335449219,231.55409240722656,630.1820678710938,50640000
211,59.51195330142975,17.75050329764684,-0.011726233861104447,429.647216796875,424.9268493652344,280.6554260253906,580.6685180664062,50880000
212,59.559891856511435,17.420843535661696,-0.012344340388164975,426.9210510253906,428.9847412109375,277.7033386230469,592.4136962890625,51120000
213,59.59030830860138,18.165755219856898,-0.012528755887665284,434.5689697265625,434.2710876464844,251.74134826660156,606.9636840820312,51360000
214,59.61010434309642,16.88577219327291,-0.011500149107978358,432.0090026855469,428.228759765625,254.70445251464844,583.8406982421875,51600000
215,59.64056336085002,17.003916218280793,-0.011989247003931875,426.4477233886719,423.88616943359375,248.65115356445312,641.9235229492188,51840000
216,59.70778122901916,16.975160147746404,-0.012962037762890758,440.59881591796875,437.7666320800781,281.7528381347656,698.0935668945312,52080000
217,59.76108415126801,17.851381330490113,-0.011245036135702928,434.900390625,423.1766052246094,257.69775390625,640.3297729492188,52320000
218,59.814354651769,18.034236586888632,-0.012583144262171117,430.2457275390625,420.3074951171875,277.6607971191406,645.8133544921875,52560000
219,59.86454885800679,17.524679160118104,-0.012655715641543186,437.3960876464844,432.65411376953125,247.366943359375,638.5013427734375,52800000
220,59.912253460884095,17.232430184284848,-0.012025153158219648,427.740234375,426.79754638671875,269.0523986816406,652.0901489257812,53040000
221,59.946592682202656,18.22653955578804,-0.012322711563908038,438.28076171875,437.5235595703125,264.0294189453125,603.2399291992188,53280000
222,59.999229440689085,16.992584681510927,-0.012450587568570957,428.9435119628906,424.45318603515625,235.87237548828125,667.6239013671875,53520000
223,60.06559547424317,17.430052656332652,-0.012096953677953479,436.1475830078125,434.97760009765625,257.55438232421875,601.4489135742188,53760000
224,60.137531867027285,17.090186915397645,-0.013238033644883747,429.11553955078125,428.27978515625,255.9624786376953,706.64306640625,54000000
225,60.20315342108409,18.105795755386353,-0.012497602174044005,425.5738525390625,419.8213806152344,261.4106140136719,593.516845703125,54240000
226,60.28042588869731,18.380827778577803,-0.012139092316472215,428.2420959472656,426.9357604980469,275.76214599609375,594.74267578125,54480000
227,60.345643951098126,17.72321118672689,-0.013087126173368801,436.39361572265625,436.1925048828125,256.0174255371094,568.9558715820312,54720000
228,60.392435019810996,17.527833402951558,-0.010512248817638958,432.53326416015625,433.3521423339844,265.3141784667969,602.2337036132812,54960000
229,60.459295403162635,17.455836987098056,-0.012126371798821462,427.6823425292969,426.4198913574219,303.8475036621094,622.1683959960938,55200000
230,60.52206749916077,17.87471219778061,-0.01257827406917007,435.25030517578125,429.8982238769531,240.78662109375,647.7354125976562,55440000
231,60.57614453951518,17.8748792219162,-0.012980166636125431,429.50286865234375,428.6668395996094,190.26004028320312,643.0712280273438,55680000
232,60.63696607430776,16.857696945269904,-0.012526655889272813,424.7069091796875,420.8141174316406,223.67791748046875,594.2754516601562,55920000
233,60.678322955767314,16.595702847242354,-0.0130011349188923,426.9369812011719,426.28143310546875,262.5165710449219,572.8292846679688,56160000
234,60.72619015216827,17.639036190509795,-0.012405636278833754,432.09759521484375,429.54949951171875,241.81289672851562,675.0087280273438,56400000
235,60.79062635739644,18.018959558010103,-0.012708969659321005,441.1633605957031,447.8568420410156,221.9732208251953,594.4462280273438,56640000
236,60.85415744463603,17.85564564148585,-0.012600943321631348,432.1559753417969,436.3135986328125,284.72833251953125,678.3937377929688,56880000
237,60.904150594075524,18.586728781461716,-0.01287361357542371,437.69256591796875,437.8393859863281,269.18658447265625,653.0123291015625,57120000
238,60.9864130338033,16.86629530787468,-0.012205757759057861,429.15460205078125,420.9732971191406,274.5039367675781,667.8665771484375,57360000
239,61.05257430394491,18.228579953114192,-0.013187313678692287,436.62921142578125,434.9454650878906,297.3485412597656,615.0014038085938,57600000
240,61.10880788167318,17.174674666325252,-0.011933420374178922,427.1376037597656,432.1882019042969,237.11538696289062,698.9984741210938,57840000
241,61.174272615114845,16.470724254846573,-0.012449329600012788,436.3746032714844,441.7644958496094,283.95123291015625,623.7487182617188,58080000
242,61.240428020159406,17.767679907480876,-0.01282899418660539,439.5462341308594,440.2348937988281,227.58489990234375,651.9046020507812,58320000
243,61.30010511716207,18.555039534966152,-0.012328331062134528,428.36846923828125,424.4407653808594,241.10009765625,607.123291015625,58560000
244,61.35138311862946,17.636392033894857,-0.012371542399380738,434.7605895996094,430.57977294921875,286.6246643066406,631.2256469726562,58800000
245,61.39134748140971,17.099026089509326,-0.012575805732586218,427.1847229003906,426.9661865234375,216.4427490234375,605.1944580078125,59040000
246,61.42753058751424,17.964099222819012,-0.013166283029366023,429.30499267578125,432.13153076171875,257.75164794921875,616.2835083007812,59280000
247,61.47036644617717,18.713017441829045,-0.011812364943436269,437.3601379394531,435.82037353515625,265.8149719238281,608.6353149414062,59520000
248,61.51747310002645,18.087841009696323,-0.012602864460118325,432.00482177734375,426.9983215332031,253.78773498535156,633.3253173828125,59760000
249,61.57383456707001,17.957241210540136,-0.012910659702902194,436.4806213378906,431.8512268066406,303.2705383300781,621.6528930664062,60000000
250,61.61524203618367,18.084621924559276,-0.012929462100046293,433.15521240234375,432.1522216796875,236.5171356201172,673.772216796875,60240000
251,61.68242577552795,17.437915811538698,-0.012319500437115116,437.7596130371094,428.8271484375,248.35845947265625,678.0947875976562,60480000
252,61.77349474112193,16.247924307982128,-0.012308225326350264,430.6918640136719,429.6519470214844,201.93734741210938,613.2011108398438,60720000
253,61.836375505129496,17.71919303337733,-0.012763812689737884,434.03143310546875,429.04144287109375,218.0259552001953,614.9406127929688,60960000
254,61.88773725350698,17.841784378687542,-0.01321584264077122,434.2337341308594,432.8203430175781,263.020263671875,630.5757446289062,61200000
255,61.94391962051392,17.671568679412207,-0.013192575966705438,437.1234130859375,439.2980041503906,264.3341369628906,594.6406860351562,61440000
256,61.985847919782,17.154583740234376,-0.011909249910016418,431.2091369628906,426.591796875,253.2701873779297,593.9363403320312,61680000
257,62.02562670230866,17.277829864819843,-0.012032813341509912,433.6640625,433.1714782714844,244.71652221679688,614.864990234375,61920000
258,62.08444829940796,18.001507179339725,-0.012163057281336478,433.53741455078125,433.6390075683594,200.0017852783203,632.2113037109375,62160000
259,62.127307826677956,17.958977234363555,-0.01247735343878799,435.18359375,434.8929748535156,244.46629333496094,660.6825561523438,62400000
260,62.17343632857005,17.489878136316936,-0.01195094048006382,437.31787109375,435.3819580078125,219.6614227294922,650.1122436523438,62640000
261,62.22017072836558,18.44209688703219,-0.011686371750047329,434.5399475097656,435.9622497558594,279.6755065917969,611.4851684570312,62880000
262,62.28306401888529,17.49880759080251,-0.012435476797245429,431.3523254394531,424.907958984375,224.8474578857422,598.9284057617188,63120000
263,62.33492988745372,17.762926778395972,-0.01321160120107704,425.8067932128906,423.749755859375,241.0748748779297,612.0892944335938,63360000
264,62.39411755243937,17.31391350865364,-0.01251271382267646,428.2595520019531,424.62744140625,225.1923828125,663.7550659179688,63600000
265,62.46933359781901,17.91961191256841,-0.01209085942934962,431.130615234375,431.17724609375,299.19500732421875,659.4902954101562,63840000
266,62.546753336588544,17.060672781070075,-0.012401876286040382,434.39483642578125,434.51116943359375,282.8507080078125,587.9652099609375,64080000
267,62.60788733482361,17.481902468601863,-0.012554681238666111,430.0672912597656,427.0691833496094,277.6116943359375,590.2666015625,64320000
268,62.666554361979166,16.779637622038525,-0.011990154564100712,431.16229248046875,427.4512939453125,262.934814453125,778.6306762695312,64560000
269,62.72453713417053,17.19306005915006,-0.012048729623844186,440.87139892578125,434.5867614746094,294.0224304199219,688.7283325195312,64800000
270,62.786095469792684,17.253856313228606,-0.012494304554620613,433.9926452636719,431.27410888671875,175.93466186523438,619.83984375,65040000
271,62.85654339631399,17.42564662694931,-0.013208987674012462,435.2606201171875,438.4192199707031,237.45726013183594,611.1076049804688,65280000
272,62.91656563282013,17.317683957417806,-0.012604760011098127,434.6681213378906,439.6835632324219,231.0038604736328,613.2550659179688,65520000
273,62.990597298940024,17.729522871573767,-0.012041785929922829,434.9553527832031,438.9208679199219,220.53759765625,586.9993286132812,65760000
274,63.06842378457387,17.548422178030012,-0.012866462260350603,436.6275329589844,436.1715393066406,242.54930114746094,610.458984375,66000000
275,63.13867981433869,17.80877594033877,-0.013276853175918101,426.5318298339844,418.2787780761719,256.8596496582031,662.6236572265625,66240000
276,63.19024795532226,16.871796565850577,-0.013776547760570565,431.3873291015625,427.9703674316406,257.63262939453125,593.6477661132812,66480000
277,63.24666965325673,17.750767419338228,-0.012926048031133655,433.1820983886719,429.6082458496094,287.498779296875,585.4337158203125,66720000
278,63.30835229237874,16.076283209323883,-0.013068699155178175,433.2044372558594,428.125732421875,232.3896026611328,625.641357421875,66960000
279,63.3945986700058,18.095205979347227,-0.013127160079331663,436.88763427734375,434.0031433105469,253.71597290039062,621.8260498046875,67200000
280,63.46578128973643,17.504188466469447,-0.013218681142022888,431.691162109375,423.1703186035156,265.5780029296875,663.24658203125,67440000
281,63.53718194961548,18.087648624579113,-0.012125727580108787,434.61761474609375,432.8768310546875,258.359130859375,644.4884643554688,67680000
282,63.621507891019185,17.858443268934884,-0.01321808709050155,431.8756103515625,429.1301574707031,244.6943817138672,608.3074340820312,67920000
283,63.691291238466896,16.800444266001385,-0.012832813278192816,432.0418701171875,429.8770446777344,264.6867370605469,700.945068359375,68160000
284,63.75218741575877,18.186636347373327,-0.012692887801590367,433.9328918457031,433.3489685058594,278.9246826171875,638.8528442382812,68400000
285,63.80116692384084,18.535417991081875,-0.01296702141069924,432.9927978515625,432.0091552734375,281.3711242675781,666.1976928710938,68640000
286,63.86657029469808,17.491789125998814,-0.011897312820393868,436.7044677734375,438.14105224609375,250.30874633789062,560.544921875,68880000
287,63.91729046503703,16.977751848300297,-0.011550859542160955,435.8924560546875,437.8113098144531,276.8538513183594,648.9549560546875,69120000
288,63.95788678805033,17.27093901793162,-0.012286707923197658,429.2107238769531,424.0859069824219,284.3570861816406,630.427734375,69360000
289,64.02963009834289,16.672752633492152,-0.01251574290358865,426.89654541015625,430.4440612792969,249.14727783203125,600.5966796875,69600000
290,64.07797993659973,17.234266267617542,-0.012966133463706531,428.23077392578125,430.3431091308594,205.60354614257812,609.1699829101562,69840000
291,64.12942265192667,17.06492691238721,-0.012647460068042543,432.43682861328125,434.2084655761719,278.8152160644531,704.986328125,70080000
292,64.17592558224996,17.382074101368588,-0.013222529780108138,423.5440979003906,419.1043701171875,260.381103515625,733.8724975585938,70320000
293,64.22599370956421,18.23669072985649,-0.011882025229995936,437.1496276855469,435.940673828125,213.82679748535156,588.14208984375,70560000
294,64.25992939631145,17.411716689268747,-0.012649616820846366,434.9258117675781,436.1662902832031,263.89630126953125,700.1296997070312,70800000
295,64.3049781481425,17.744442632198332,-0.012367084950183294,432.0280456542969,431.9739685058594,270.3902282714844,563.5095825195312,71040000
296,64.34370548566183,16.884690140485763,-0.012322067553075916,435.4709777832031,435.8675231933594,232.77316284179688,620.6664428710938,71280000
297,64.37208907763163,17.85764392932256,-0.012529251380968465,436.72943115234375,435.3956298828125,249.47052001953125,593.1394653320312,71520000
298,64.41110211690267,17.872711065212886,-0.011823062987105004,432.7607727050781,430.0121765136719,252.2593536376953,624.5040283203125,71760000
299,64.4558789952596,17.985656509002048,-0.012284568201569451,428.8283386230469,427.4922790527344,229.63653564453125,609.4549560546875,72000000
300,64.51416343688965,17.83617387533188,-0.013489660023274534,424.7361755371094,420.8672790527344,270.9020080566406,568.5989379882812,72240000
301,64.56366815567017,18.41247540473938,-0.012036539851065982,430.74908447265625,430.69073486328125,276.0474548339844,646.8193969726562,72480000
302,64.61998723665873,18.74853262066841,-0.012342405808911584,432.9666748046875,436.0074462890625,216.00531005859375,638.2516479492188,72720000
303,64.67636642773947,17.376813667217892,-0.012939586475126438,431.21771240234375,436.1814270019531,257.5299072265625,628.7095947265625,72960000
304,64.7297037823995,18.063131982485455,-0.01252602745102705,433.9265441894531,432.8922424316406,285.5377197265625,603.2061157226562,73200000
305,64.77148591677347,17.494191425244015,-0.012470382369423116,423.8078308105469,421.2486572265625,231.29884338378906,638.5045166015625,73440000
306,64.8089443620046,18.75658907175064,-0.012259204957066151,429.5946044921875,431.9440612792969,262.1850891113281,611.6895751953125,73680000
307,64.85289829889933,17.05387813448906,-0.012232468462460323,430.4749755859375,430.8350830078125,270.8353271484375,607.9363403320312,73920000
308,64.90477309226989,17.98627340475718,-0.012757596874970053,428.4353332519531,430.6536865234375,232.5765838623047,622.7930908203125,74160000
309,64.9396982574463,17.814594922065734,-0.012925845678578298,432.32452392578125,434.16314697265625,258.4189758300781,647.051025390625,74400000
310,64.95462026278177,18.298523531357446,-0.013046964997819639,421.76983642578125,411.33709716796875,215.18629455566406,619.8811645507812,74640000
311,64.9850449403127,18.680035491784412,-0.013596557225736916,429.2944030761719,435.3570861816406,261.20947265625,658.5563354492188,74880000
312,65.02985013643901,17.818822199503582,-0.012935188268833239,437.6705627441406,435.7199401855469,279.2898254394531,663.9502563476562,75120000
313,65.09133860588074,17.374610753059386,-0.012002748279778644,426.1917724609375,424.0802917480469,242.29824829101562,621.2276000976562,75360000
314,65.1508120282491,18.04091649611791,-0.012122218747905245,423.6745910644531,420.94976806640625,241.6471405029297,582.6082153320312,75600000
315,65.21264593760172,17.729801015059152,-0.012776010917581288,430.6120910644531,435.520263671875,252.71173095703125,627.7446899414062,75840000
316,65.26959623654683,17.872305483023325,-0.012179176974436625,434.3799133300781,430.1654968261719,279.5198974609375,586.4153442382812,76080000
317,65.30351328531901,17.92068935195605,-0.01244750707968984,431.5038146972656,429.9392395019531,244.2174072265625,604.068115234375,76320000
318,65.35588147799174,18.794911454518637,-0.01201771160554775,432.96875,430.60089111328125,267.3779296875,585.6091918945312,76560000
319,65.41142455101013,17.628114479780198,-0.011531716776999398,427.5423278808594,421.0114440917969,285.08599853515625,613.2207641601562,76800000
320,65.47030217488607,17.7922682372729,-0.012415180934695135,429.2677001953125,427.0184326171875,259.3497619628906,598.1121215820312,77040000
321,65.54652997334799,16.95744108001391,-0.012997035543836072,437.00286865234375,432.2173156738281,172.77688598632812,611.0110473632812,77280000
322,65.60542444547018,17.899476047356924,-0.012856005166562075,425.71881103515625,428.28009033203125,213.97198486328125,695.6434936523438,77520000
323,65.63850646654765,18.114425647656123,-0.013378500081132264,421.2362365722656,424.3662109375,233.6890411376953,634.6511840820312,77760000
324,65.66789841334025,18.41520790775617,-0.012735336053700242,432.7937316894531,429.2735595703125,262.5871887207031,617.6600341796875,78000000
325,65.70814532915752,18.432741489013036,-0.01178187262833068,440.7273254394531,435.9689636230469,208.48165893554688,600.1259155273438,78240000
326,65.75301560401917,16.727405374844867,-0.012936042089154397,427.83154296875,427.90545654296875,248.7696990966797,607.1056518554688,78480000
327,65.8070146560669,17.815452271699904,-0.01199036454284851,433.1349182128906,427.3236083984375,283.78436279296875,655.9851684570312,78720000
328,65.84880724906921,17.80328348080317,-0.012964224966417533,430.46099853515625,428.09051513671875,236.32308959960938,664.3717651367188,78960000
329,65.89086268107097,18.39346932252248,-0.01214323188207042,432.1703796386719,433.5425109863281,212.3690948486328,644.161376953125,79200000
330,65.94129267056783,17.861421236594516,-0.012743774320078956,428.6024169921875,427.44927978515625,257.9078369140625,615.7950439453125,79440000
331,65.98672640800476,17.600308213631312,-0.011365981961439502,435.05267333984375,437.2710266113281,254.338623046875,632.94677734375,79680000
332,66.02112853686015,17.850613069931665,-0.012788179872046043,429.1831970214844,422.8543395996094,291.61126708984375,618.672119140625,79920000
333,66.0624365234375,15.905609450737636,-0.012934186659568922,431.01763916015625,429.5250244140625,282.34442138671875,598.5838623046875,80160000
334,66.1132834148407,17.269491091569265,-0.011613463261672527,434.45758056640625,435.4637145996094,285.5599060058594,583.9600219726562,80400000
335,66.1529882144928,18.320737069447834,-0.011269623721176836,425.1161193847656,421.4494323730469,212.54930114746094,605.5067749023438,80640000
336,66.20635691006979,17.919494408369065,-0.012049346310174467,435.0369873046875,436.0270690917969,260.177734375,632.462646484375,80880000
337,66.24927178700764,17.57429609219233,-0.012665770289454486,431.2508239746094,428.63653564453125,274.0545349121094,644.74755859375,81120000
338,66.27631030400595,17.372225815057753,-0.01240700698808799,437.3692932128906,432.5094909667969,268.8185119628906,637.026611328125,81360000
339,66.3052008152008,17.716765716075898,-0.01266727170826016,428.7908630371094,432.9031066894531,234.5552215576172,641.423095703125,81600000
340,66.34908044497172,17.624132528702418,-0.01262422853704436,429.8288269042969,431.2802429199219,273.1094055175781,609.3616943359375,81840000
341,66.38422313372294,18.340692530870438,-0.012744386684557109,435.96380615234375,430.8467102050781,290.91400146484375,657.98388671875,82080000
342,66.42988645235697,16.894397053321203,-0.01131608432811845,430.7055358886719,426.34564208984375,285.5737609863281,642.4656372070312,82320000
343,66.48153285662333,16.97750048836072,-0.011863571588585274,429.00018310546875,429.5113525390625,287.2008972167969,574.8558959960938,82560000
344,66.5290921274821,17.906624118884405,-0.012336747454457963,434.9657287597656,430.4120178222656,294.7041931152344,636.3886108398438,82800000
345,66.57144264221192,17.148609519402186,-0.012597754937807168,425.88916015625,426.7309265136719,213.7162322998047,648.0625,83040000
346,66.64458058039348,17.790702691872916,-0.012504818485667783,429.6456604003906,433.8185729980469,189.41323852539062,627.4782104492188,83280000
347,66.71232121785482,18.070376085837683,-0.011528843864276344,433.42620849609375,431.6648254394531,291.0235290527344,597.3904418945312,83520000
348,66.76049939155578,17.77036493619283,-0.011906731243085082,433.0657958984375,432.09503173828125,272.5223388671875,675.9636840820312,83760000
349,66.80687845547995,17.854909338156382,-0.012724388446581542,431.4302978515625,425.2864074707031,270.8770446777344,628.80712890625,84000000
350,66.85226419766744,16.425995463530224,-0.012396763870332278,426.29736328125,427.3860778808594,217.85511779785156,588.82568359375,84240000
351,66.90244482040406,18.194799902041755,-0.012298749165557486,432.84417724609375,436.00653076171875,259.389404296875,643.7841796875,84480000
352,66.97389145851135,17.072450490395227,-0.012492983899502784,439.8332824707031,444.0995178222656,273.468017578125,610.3086547851562,84720000
353,67.0491323630015,18.18384527762731,-0.013059443405915468,433.7063903808594,438.1903991699219,236.73873901367188,602.9271850585938,84960000
354,67.11636335372924,17.58421224196752,-0.012454903814684145,430.79888916015625,427.6887512207031,219.31578063964844,608.6111450195312,85200000
355,67.19403705914816,17.228683785994846,-0.01220849020937834,433.2242431640625,434.2966003417969,188.64144897460938,653.9853515625,85440000
356,67.24056771278381,17.609130562543868,-0.011985765337249555,439.5733947753906,431.3190002441406,309.2498779296875,741.8682250976562,85680000
357,67.29418482780457,17.445829143126804,-0.012993966275413413,423.4231872558594,418.1782531738281,255.54794311523438,676.912109375,85920000
358,67.34799970944722,17.326235035260517,-0.011542368121723334,430.3706970214844,431.5485534667969,242.8473663330078,662.3645629882812,86160000
359,67.39347669283549,17.531894470453263,-0.011380941097800511,425.3578796386719,424.0416259765625,214.39376831054688,625.564208984375,86400000
360,67.41944007873535,18.07951617439588,-0.012098473138360077,436.9031982421875,437.7175598144531,282.4000244140625,597.7252197265625,86640000
361,67.45218614578248,16.837219768365223,-0.012232651691721988,430.7939758300781,429.8619384765625,282.38946533203125,599.9658203125,86880000
362,67.49651871363322,16.94244455377261,-0.011851499775095439,431.84381103515625,434.377685546875,270.1256103515625,637.9658813476562,87120000
363,67.54417156219482,18.302524412870408,-0.01221667818520397,430.40673828125,428.94903564453125,242.02767944335938,646.5861206054688,87360000
364,67.59242338180542,18.243388049999872,-0.012285291452930286,439.1252746582031,435.0919494628906,237.78028869628906,636.773681640625,87600000
365,67.63180095354716,17.822046252886455,-0.013226803864939332,428.63128662109375,427.4181213378906,233.16098022460938,664.289794921875,87840000
366,67.67802544911703,17.307505708138148,-0.012491318040598193,425.3333740234375,425.1367492675781,239.48033142089844,677.9520263671875,88080000
367,67.74470974286398,17.26628596742948,-0.012994491366464444,436.9085388183594,443.35369873046875,271.3959655761719,611.360107421875,88320000
368,67.80375084877014,16.486523846387865,-0.01251573734184035,428.8151550292969,433.3450622558594,218.7129364013672,569.4986572265625,88560000
369,67.85602862675985,17.31678551594416,-0.012473214063229345,433.06488037109375,432.6689453125,238.15127563476562,684.71630859375,88800000
370,67.92720826148987,17.491315515438714,-0.012927933428406391,430.6780090332031,428.0652160644531,249.78582763671875,609.9725341796875,89040000
371,67.99053206125895,17.42075536529223,-0.012783187510548638,434.31365966796875,431.0955810546875,280.6947021484375,600.698486328125,89280000
372,68.05181344985962,18.8700004975001,-0.011735306004718307,434.03466796875,427.07476806640625,263.716552734375,597.7233276367188,89520000
373,68.1256401316325,16.899238853057227,-0.013242148113821675,435.3122253417969,431.8788146972656,240.41429138183594,625.8452758789062,89760000
374,68.19601671218872,17.4556920115153,-0.011876887653412875,429.5513916015625,427.0250244140625,202.03509521484375,616.1549072265625,90000000
375,68.24822115898132,16.64893047332764,-0.012917838856883085,433.04510498046875,430.5157775878906,290.9768371582031,680.4378051757812,90240000
376,68.28641609827677,16.97889349937439,-0.013386239832901386,426.2306213378906,429.1804504394531,215.1649627685547,585.0676879882812,90480000
377,68.32733390490215,18.14284190416336,-0.01205146710410645,429.529296875,426.6770935058594,265.39984130859375,625.440673828125,90720000
378,68.3741978263855,18.017212511698403,-0.013091768412176255,435.34423828125,435.051025390625,271.5555114746094,585.296142578125,90960000
379,68.42156325340271,17.858457862933477,-0.01141661946656465,432.2509765625,425.02545166015625,231.4662628173828,670.8609619140625,91200000
380,68.47204196929931,18.17406923532486,-0.012755579516725865,427.0943908691406,425.77191162109375,248.1293182373047,637.2679443359375,91440000
381,68.52106106758117,17.77285766760508,-0.01286269434675205,430.5646667480469,428.13287353515625,273.8902893066406,659.9853515625,91680000
382,68.57235657374063,18.35703565398852,-0.012146725032175709,427.30218505859375,427.7881164550781,204.96835327148438,571.7515869140625,91920000
383,68.6304482014974,18.823406082789102,-0.012145578370367881,432.8209533691406,426.1451416015625,246.43408203125,612.694580078125,92160000
384,68.676950229009,17.85019072930018,-0.012794220144051753,435.2516784667969,432.52020263671875,246.24574279785156,603.044921875,92400000
385,68.70171252250671,16.795749634106954,-0.013052220838026945,432.9845275878906,431.0849914550781,263.2652893066406,599.9884643554688,92640000
386,68.74964616457622,18.03037250717481,-0.012012650244571054,429.5094909667969,424.18218994140625,278.6343078613281,684.6279907226562,92880000
387,68.79897233009338,17.676881101926167,-0.012347305476624229,429.203125,430.5648498535156,187.539794921875,616.2421264648438,93120000
388,68.85563617070515,17.4687168776989,-0.012311201552321715,430.8891296386719,429.9179382324219,248.85806274414062,621.5053100585938,93360000
389,68.89881998697916,16.82281083424886,-0.012678419847539372,430.17315673828125,435.39190673828125,268.6611022949219,643.2249145507812,93600000
390,68.93858341852824,17.646693311134975,-0.012135325248690189,436.3492126464844,441.5053405761719,266.3218688964844,594.0492553710938,93840000
391,68.9843227481842,18.051769402424494,-0.012701981942374136,427.5564880371094,414.1121826171875,239.8649444580078,619.015380859375,94080000
392,69.03061431884765,17.153939069509505,-0.012923529704246449,428.85205078125,421.6407775878906,296.78326416015625,609.58203125,94320000
393,69.05994375864665,17.257861728668214,-0.012303789838007995,423.1717224121094,418.54437255859375,292.1719665527344,593.7510986328125,94560000
394,69.07764700253804,16.939182569583256,-0.012701270391463975,429.9402160644531,431.25445556640625,244.57037353515625,596.593017578125,94800000
395,69.1144418557485,17.646845267613728,-0.01205035864928637,430.5920104980469,424.9631652832031,274.6231689453125,632.9614868164062,95040000
396,69.12925716400146,17.432290714581807,-0.012505152068687646,425.37646484375,424.56817626953125,211.92372131347656,568.2723999023438,95280000
397,69.15284038861593,17.33716306090355,-0.012546506397325127,423.10162353515625,421.88323974609375,288.85235595703125,667.7406005859375,95520000
398,69.15752170244853,16.97605506022771,-0.012830890501396273,426.34490966796875,429.1079406738281,242.56585693359375,665.7579345703125,95760000
399,69.16649775187174,17.271736096143723,-0.012293989882785657,434.7311706542969,429.3370361328125,259.96868896484375,628.5169677734375,96000000
400,69.18485758781434,17.594158487717312,-0.01212058041340318,430.0694580078125,430.025634765625,263.6980285644531,635.49755859375,96240000
401,69.19834018389383,18.756564573844273,-0.012571158941403458,434.2215576171875,427.6277770996094,255.44955444335938,649.9410400390625,96480000
402,69.21197374025981,18.901593136787415,-0.012588874188278774,426.6936340332031,424.9352722167969,293.554931640625,702.7403564453125,96720000
403,69.24738381703695,18.03179353515307,-0.012410668966036837,442.4796142578125,445.8243103027344,237.7910614013672,632.6690063476562,96960000
404,69.28026920954386,17.33151825626691,-0.012049870087328904,430.84881591796875,426.2723693847656,285.0023193359375,652.5021362304688,97200000
405,69.30873792648316,18.76520866115888,-0.01299356661950469,431.99896240234375,424.8234558105469,287.9631652832031,678.7176513671875,97440000
406,69.3368209139506,16.644161696036658,-0.012173969269013393,427.90252685546875,422.6548156738281,272.949951171875,599.9225463867188,97680000
407,69.3849747467041,19.584956566492718,-0.011448853814870007,428.7016296386719,433.0542297363281,276.2242736816406,636.1793823242188,97920000
408,69.43651724179585,18.612552429835002,-0.01220769659817582,428.6151428222656,421.315673828125,192.55401611328125,622.1290893554688,98160000
409,69.49537071228028,18.36113787571589,-0.012252840612262238,431.072998046875,431.9463806152344,271.41650390625,646.4435424804688,98400000
410,69.5459014193217,17.529017446835837,-0.012280918187396234,428.96734619140625,428.02081298828125,255.57359313964844,593.1563720703125,98640000
411,69.57126400947571,17.970560941298803,-0.011647269249242243,434.41943359375,442.9244384765625,279.5133972167969,580.4359130859375,98880000
412,69.6042413330078,18.595189677079517,-0.01162281407603435,433.7467041015625,430.3080749511719,194.79002380371094,649.6957397460938,99120000
413,69.6349403031667,19.039240894317626,-0.01140437579832375,434.3228759765625,428.5697021484375,269.2862854003906,661.6076049804688,99360000
414,69.66336698849996,17.326186541318894,-0.011750986747900545,430.40032958984375,424.4588928222656,270.8359680175781,667.6918334960938,99600000
415,69.68918828328451,17.46424009601275,-0.011493909404786487,429.1861572265625,434.7275695800781,257.8879699707031,589.9472045898438,99840000
